0 1
0 4
0 21
0 37
0 59
0 108
0 290
0 347
1 2
1 58
2 3
2 19
2 72
2 144
2 257
3 6
3 10
3 25
3 44
4 5
4 7
4 13
4 14
4 46
4 84
4 114
5 11
5 62
5 103
5 153
5 244
6 8
6 60
7 12
7 32
7 36
8 9
8 172
9 16
9 17
9 26
9 28
9 51
9 220
10 56
10 139
11 18
11 24
11 49
11 85
11 118
11 204
12 30
12 74
13 15
13 240
13 300
14 20
14 78
14 210
14 256
15 33
15 50
15 100
15 101
15 149
16 141
16 246
17 29
18 34
19 22
19 27
19 47
19 171
20 89
20 130
21 35
22 23
22 83
22 148
22 183
23 39
23 233
23 325
24 31
24 38
24 88
24 308
25 71
26 48
26 61
26 97
27 79
28 294
30 69
30 346
30 351
31 41
31 63
31 116
31 126
31 151
31 225
31 374
32 40
32 42
32 43
32 80
32 265
33 283
34 293
34 398
35 157
35 218
35 226
36 91
36 124
36 186
36 251
36 275
37 55
37 77
37 117
38 81
38 104
38 190
38 201
38 297
39 66
39 76
39 159
40 131
40 184
40 227
40 307
41 82
41 122
41 129
41 362
42 45
42 64
42 134
43 92
43 120
43 127
44 128
44 258
45 135
46 67
46 384
47 53
47 150
47 209
48 121
48 162
48 338
48 395
49 52
49 54
49 96
49 123
49 198
50 147
51 57
51 87
51 115
51 305
51 313
52 132
53 278
55 136
56 65
56 75
56 331
56 377
57 70
59 187
60 188
60 207
62 86
64 68
64 73
64 102
64 106
64 112
64 276
64 390
65 282
67 229
67 298
69 160
69 161
69 367
71 189
72 109
73 111
74 237
74 378
75 113
76 145
77 98
77 272
79 94
79 138
80 195
81 205
82 93
84 90
84 239
85 107
85 191
85 192
85 216
86 154
88 105
88 137
88 213
88 254
90 133
90 349
90 383
91 99
91 370
92 95
93 202
94 143
94 259
95 110
96 156
99 176
100 206
100 295
101 152
102 175
103 125
103 167
104 215
105 119
106 271
107 230
107 263
108 193
108 382
109 169
109 185
110 345
113 146
114 273
115 179
115 224
115 358
118 335
119 262
120 181
120 203
120 212
120 243
120 302
121 174
122 326
123 288
126 376
127 164
128 208
129 238
129 375
130 163
132 303
133 140
133 165
133 330
134 177
135 194
135 214
136 178
136 247
136 322
137 142
139 342
141 388
142 182
143 249
143 309
148 234
149 221
151 158
152 155
153 253
154 236
158 166
158 304
159 222
159 315
159 329
160 168
161 197
162 380
163 180
163 211
163 286
163 332
164 235
166 173
166 369
167 170
169 391
173 268
173 333
175 353
177 232
177 241
178 260
179 310
180 261
181 255
183 199
183 392
184 312
194 196
194 292
195 200
195 365
197 219
198 314
202 280
203 231
203 285
204 228
205 270
206 318
206 334
206 348
207 217
207 287
209 248
209 354
211 223
211 277
211 350
213 344
215 291
218 279
220 289
224 324
226 252
226 323
227 319
229 242
229 264
230 379
234 393
235 357
237 250
238 373
242 266
243 245
245 317
245 355
247 387
249 274
249 281
250 284
250 321
251 359
254 363
256 306
259 267
267 269
268 296
268 301
272 328
275 371
281 320
284 364
288 368
291 316
292 361
293 339
294 299
295 341
295 360
297 311
297 340
298 336
306 337
306 352
316 396
320 366
324 327
325 356
325 381
329 343
338 389
354 394
356 372
357 386
373 385
378 397
390 399
