0 1
0 3
0 4
0 5
1 2
2 7
3 24
4 12
5 6
5 10
5 13
5 66
6 16
6 95
7 8
7 9
7 17
7 22
7 33
7 39
7 78
8 19
8 36
9 15
9 40
10 11
10 21
10 35
12 20
13 14
13 42
13 53
13 77
14 41
14 72
15 18
15 46
16 31
16 45
16 59
17 85
18 23
18 27
19 25
19 29
19 80
21 37
21 75
22 71
23 26
23 55
23 57
24 89
25 30
25 32
25 43
25 56
26 38
27 28
27 34
27 63
27 86
30 70
30 82
33 58
35 79
36 60
36 99
37 48
39 84
39 92
40 67
40 97
42 51
42 54
42 96
43 44
43 47
45 49
45 50
45 61
46 94
47 52
47 64
50 91
52 81
53 62
53 73
53 90
54 83
55 74
56 88
59 65
60 68
60 69
61 93
67 76
86 87
97 98
