0 1
0 2
0 3
0 144
0 211
0 242
0 1598
0 1945
1 9
1 14
1 16
1 97
1 149
1 449
1 2484
2 4
2 5
2 6
2 125
2 183
2 363
2 872
3 15
3 33
3 76
3 280
3 365
3 2544
3 3321
3 5526
4 12
4 28
4 36
4 47
5 7
5 20
5 103
5 1063
5 2277
5 3209
5 3866
5 5007
6 40
6 85
6 120
6 513
7 8
7 13
7 60
7 129
7 1769
7 3765
7 4028
8 10
8 41
8 345
8 490
8 498
8 519
9 11
9 156
9 182
9 257
9 355
9 715
9 963
9 1073
10 37
10 190
10 2032
10 2826
11 18
11 35
11 86
11 1034
11 1668
11 3295
11 4390
12 26
12 30
12 153
12 226
12 237
12 664
12 1656
13 23
13 45
13 77
13 80
13 239
13 962
13 1206
13 3046
13 3484
14 17
14 191
14 219
14 431
14 656
14 2769
15 31
15 379
15 443
15 1202
15 1480
16 27
16 32
16 91
16 788
16 2013
16 3928
17 19
17 29
17 58
17 83
17 90
17 284
17 849
18 22
18 82
18 150
18 189
18 348
18 398
18 421
18 3094
19 46
19 84
19 440
19 561
19 1357
20 21
20 42
20 130
20 1604
20 1937
20 2256
20 4347
20 5169
20 5582
21 201
21 203
21 235
21 296
21 404
22 24
22 25
22 48
22 179
22 206
22 282
22 594
22 2235
22 5724
22 5786
22 5935
23 34
23 44
23 66
23 94
23 214
23 437
23 1754
24 71
24 93
24 1286
24 2443
25 51
25 106
25 928
25 1326
25 2029
25 3931
26 124
26 141
27 39
27 56
27 81
27 95
27 111
27 1246
28 53
28 65
28 252
28 4621
28 5321
29 102
29 163
29 655
29 673
29 832
29 1595
29 1726
29 5444
29 5563
30 79
30 224
30 366
30 2693
31 63
31 267
31 740
31 1228
31 3225
31 5747
32 38
32 54
32 152
32 273
32 457
32 595
32 826
32 5994
33 49
33 99
33 373
33 994
33 2110
33 4213
33 4760
34 110
34 137
34 297
34 1534
34 3103
34 3334
35 74
35 89
35 271
35 411
35 447
35 1166
36 2243
37 115
37 1457
37 3810
38 43
38 50
38 463
38 695
38 799
38 1524
38 3050
38 3884
38 4188
39 184
39 222
39 869
39 1419
39 5464
40 67
40 372
40 2812
41 64
41 73
41 92
41 134
41 256
41 571
41 1037
41 6358
42 291
42 588
42 964
42 1459
42 2228
42 4473
43 1099
43 5549
44 62
44 72
44 78
44 5927
44 6003
45 143
45 180
45 181
45 942
45 1591
45 2350
46 117
46 312
46 825
46 970
46 1155
46 4049
46 5991
47 87
47 159
47 971
48 96
48 601
48 2132
48 2579
49 52
49 61
49 231
49 847
49 2661
49 3214
49 5275
50 57
50 69
50 415
50 790
50 1884
50 2349
50 2509
50 3463
51 165
51 238
51 486
51 713
51 1267
51 1330
52 104
53 55
53 121
53 148
53 195
53 3143
54 75
54 98
54 107
54 234
54 417
54 2169
54 2189
54 2703
54 2719
55 70
55 123
55 406
56 59
56 122
56 1879
56 3782
57 302
57 2750
58 108
58 306
58 2494
58 5135
59 105
59 412
59 697
59 2027
59 3106
59 3246
60 821
60 1003
60 2973
61 68
61 1024
61 2003
61 2043
61 2757
61 3772
61 5895
62 101
62 127
62 394
62 2824
63 636
63 725
63 846
64 166
64 197
64 272
64 1908
65 126
65 676
65 843
65 4772
66 232
66 583
66 1310
66 1347
66 2603
66 3057
66 3852
66 4393
67 198
67 395
67 502
67 831
67 2566
67 2948
68 109
68 155
68 1585
68 4250
68 4313
68 4604
69 470
69 2049
69 2513
70 325
70 2961
70 3382
71 172
71 625
71 958
71 1017
71 2085
71 2265
71 3747
71 5156
72 246
72 276
72 716
72 1035
73 494
73 3027
74 755
74 797
74 819
74 3671
75 100
75 2884
76 212
76 244
76 370
76 423
76 441
76 3508
77 300
77 527
77 637
77 737
77 823
77 2725
78 218
78 320
78 322
78 516
78 900
78 1581
78 2542
78 2649
79 88
79 188
79 408
79 619
79 5822
80 128
80 131
80 2763
81 170
81 356
81 614
81 730
81 1890
81 2205
81 3235
81 5200
82 113
82 177
82 249
82 606
82 1483
82 1743
82 3146
83 136
83 952
83 1260
83 3578
84 1200
84 1395
85 116
85 552
85 688
85 816
85 5506
86 230
86 599
86 1436
86 3212
87 283
87 416
87 3635
88 1316
88 2551
88 2632
88 5557
89 158
89 785
89 2234
89 2626
90 160
90 236
90 301
90 380
90 681
90 2021
90 2047
90 2615
90 3428
91 138
91 899
91 2624
91 5795
92 154
92 918
92 1590
92 3832
93 220
93 889
94 135
94 937
95 114
95 200
95 587
95 2446
95 2447
95 2595
95 3527
96 334
96 346
96 987
97 112
97 174
97 207
97 305
97 603
97 2124
97 3292
97 3322
98 215
98 531
98 1842
98 2672
98 6028
99 393
99 885
100 132
100 2318
101 164
101 524
102 157
102 529
102 3425
103 142
103 168
103 243
104 317
104 536
104 808
104 1453
104 2865
105 118
105 139
105 213
105 824
105 1067
105 1225
106 835
106 1170
106 1492
106 5948
107 133
107 199
107 4437
108 167
108 250
108 518
108 1043
108 2785
108 4943
110 420
110 459
110 2012
111 424
111 3171
111 3972
111 4327
111 4971
112 119
112 264
112 3771
113 173
113 185
113 324
113 902
113 1145
113 1619
113 6007
114 178
114 883
114 2545
114 2621
114 4744
115 146
115 266
115 286
115 600
115 3863
116 196
116 371
116 1843
116 3427
117 351
117 1502
118 4047
119 288
119 683
120 162
120 450
120 769
120 818
121 225
121 1397
121 3386
122 329
122 1141
122 2908
123 1005
123 1944
123 2002
123 2163
124 349
124 649
125 147
125 466
125 1482
125 3849
125 3975
125 5780
126 274
126 313
126 438
126 1454
127 434
127 717
127 1703
127 2018
128 187
128 564
128 2105
128 2134
128 2197
128 3481
129 265
129 991
129 1603
129 1941
130 145
130 1112
130 5206
131 223
131 390
131 429
131 523
131 610
131 1152
132 805
132 1075
132 1771
132 2469
132 4131
132 5027
133 304
133 468
133 576
133 5913
134 140
134 169
134 388
134 2007
134 2756
134 3989
135 314
135 444
136 342
136 1909
136 3284
136 4209
137 176
137 275
137 557
138 261
138 700
138 2059
138 3426
138 5922
139 551
139 4432
139 5497
140 3174
141 621
141 2221
142 229
142 1216
142 1311
142 1345
142 5441
142 5612
143 309
144 151
144 192
144 5365
144 5986
145 161
145 171
145 432
145 1917
145 2323
145 4900
146 202
146 278
146 292
146 436
146 691
146 1567
146 1568
146 2142
148 469
149 227
149 2588
149 5571
150 290
150 979
150 1107
150 1169
151 277
151 550
151 1188
151 1277
151 1290
151 3238
152 217
152 563
152 1020
152 1076
152 1222
153 175
153 336
153 838
153 1177
153 2282
154 193
154 488
154 1542
154 2030
154 2631
156 263
156 6015
157 299
157 5058
158 258
158 308
158 659
158 1626
158 1744
159 186
159 262
159 632
160 442
160 862
160 4537
161 338
161 507
161 5289
162 315
162 414
162 702
162 734
162 3206
162 5107
162 5424
163 204
163 208
163 293
163 458
163 1953
163 2618
164 268
165 358
165 2761
166 241
166 1275
166 2776
167 228
167 709
167 857
167 1111
167 1278
167 1593
168 577
168 1250
168 2295
168 4683
169 194
169 929
169 1122
169 1755
169 2057
169 2507
169 3028
169 4041
170 289
170 1254
170 2567
170 5214
171 499
171 1053
171 1412
171 4392
171 4520
172 868
172 1470
173 375
173 741
173 853
173 922
173 1240
173 1494
174 1251
174 1866
174 5534
175 505
175 1098
175 1220
175 4220
176 1873
176 1881
176 2187
176 2489
176 5716
177 3593
178 310
178 1765
178 4380
178 5170
179 216
179 248
179 392
179 413
179 758
179 2031
180 233
180 269
180 374
180 581
180 1041
180 3045
181 508
181 626
181 1572
181 2375
182 1261
183 311
183 1266
183 1341
184 359
184 491
184 592
184 634
184 2076
184 2451
184 5614
185 2245
185 2414
185 4444
186 378
186 4216
187 1289
188 680
188 813
188 4303
189 210
189 482
189 4403
189 4475
189 4534
190 281
190 493
190 5079
191 686
192 221
192 1044
193 609
193 2033
193 3783
193 5651
194 1120
194 1312
194 4572
195 1002
195 1528
195 2379
196 209
196 566
196 586
196 1268
196 1698
196 4105
197 492
197 794
197 1197
197 1505
197 1821
198 439
198 708
198 5402
199 515
199 2853
199 4591
200 330
200 692
200 996
200 4338
201 3064
201 3378
202 316
202 916
202 1930
202 2092
203 5111
204 205
204 332
204 1361
204 2396
204 3154
204 3979
204 4409
205 386
205 6071
205 6253
206 245
206 270
206 969
206 3129
206 3681
207 335
207 341
207 511
207 1049
207 1193
207 1574
207 3627
208 240
208 1938
209 318
209 462
209 2608
209 2987
210 347
210 589
210 647
211 1928
212 1064
212 6381
213 479
213 485
213 541
213 921
213 3853
213 4817
213 4892
214 350
214 840
214 2101
215 5080
216 254
216 333
216 3950
217 247
217 353
217 762
217 1570
217 2870
218 403
218 6347
219 1048
219 1869
219 1903
219 2199
219 5130
220 259
220 298
220 391
220 428
220 452
220 5204
220 5416
221 1052
221 1131
221 2557
221 6200
222 294
222 389
222 617
223 295
223 800
223 955
223 1083
224 362
224 642
224 1192
224 1297
224 3920
224 4408
225 357
226 354
226 690
226 703
226 732
226 1245
226 2452
227 361
227 707
227 778
227 4590
228 711
228 886
228 913
228 993
228 1039
228 1058
228 1672
228 1845
228 4117
229 260
229 1527
229 2573
230 323
230 435
230 694
231 2262
231 6254
232 285
232 445
232 651
232 1418
233 287
233 402
233 833
233 5555
234 938
234 1329
234 5394
235 339
235 1187
235 1384
235 2148
235 4887
236 888
236 1241
236 1831
237 574
237 1190
238 326
238 480
238 903
238 1877
238 2794
239 1465
239 1690
240 4236
241 1301
241 2620
242 255
242 3918
243 478
243 696
243 973
243 4648
245 279
245 464
246 253
246 1317
246 2407
247 251
247 1858
248 624
248 906
248 1976
249 307
249 569
249 1333
249 3665
249 4430
250 1042
250 3179
251 319
251 773
251 941
251 2096
251 4113
252 1235
252 1588
253 367
253 520
253 1167
253 1540
254 360
254 1353
254 2206
255 521
255 704
255 1652
255 1766
256 387
256 1610
258 5973
258 5975
259 364
259 950
259 1356
259 3971
260 1350
260 1641
260 2925
260 3716
261 830
261 4044
262 382
262 426
262 4102
262 5865
263 327
264 1078
264 1699
264 5023
265 567
265 791
265 1359
265 1390
265 4705
266 4080
267 1376
267 1443
267 1984
267 2336
268 340
268 2546
268 3376
269 661
269 5653
270 663
271 1239
272 539
272 756
272 3122
272 4158
273 714
273 1349
273 2360
274 483
274 622
274 2609
275 580
275 593
275 753
275 1541
275 2231
275 2995
275 4147
275 4448
276 572
276 930
276 3961
277 384
277 560
277 2058
278 1298
278 1440
279 1478
279 2441
279 4004
279 4756
279 5314
279 6354
280 369
280 4569
280 5469
281 1835
281 2897
282 5608
282 5650
283 1848
283 3497
283 3985
283 4301
284 1284
284 3416
284 4833
285 630
285 865
285 1555
285 2065
285 3864
285 4718
286 751
286 975
286 2651
286 2676
287 477
287 1045
287 2486
287 4422
288 1618
288 2607
288 2806
289 671
289 1935
289 2022
289 4466
290 4402
291 620
291 5201
292 381
292 804
292 3159
292 5857
293 887
293 6276
294 2852
295 433
295 1185
296 337
296 3995
296 4579
296 5603
297 331
297 775
297 959
297 1104
297 2476
298 303
298 803
298 1451
298 2079
298 2103
299 611
299 3835
299 5906
300 343
300 400
300 6076
301 1217
302 418
302 1119
302 1840
303 667
303 678
303 682
303 699
303 2730
303 3044
303 3874
304 455
304 473
304 743
304 3498
305 5240
306 605
306 867
306 1008
306 3767
306 4548
307 405
307 796
307 1288
307 3444
307 5784
308 631
308 1537
308 6126
309 2554
309 5574
309 6339
310 534
310 1426
310 5498
311 328
311 1455
311 1674
312 422
312 446
312 3361
312 6202
314 6177
315 456
315 5901
316 4436
317 504
317 760
317 837
317 2239
318 321
318 481
318 644
319 558
319 2539
319 5041
320 789
321 1229
322 476
322 3889
323 532
323 795
323 1223
323 2664
323 5787
323 5968
324 783
324 1176
324 1623
324 2247
325 1304
325 1875
325 2689
325 3807
326 344
326 497
326 721
326 940
326 1012
326 1026
326 1274
326 1516
326 1982
326 2365
326 2455
327 4638
327 5316
328 618
328 1226
328 5862
329 535
329 662
330 3320
331 506
331 3795
331 4244
331 4961
331 5729
332 1352
332 2226
332 2304
332 3564
334 3695
335 597
335 1164
335 1669
335 5260
337 383
337 570
337 1273
337 2020
338 604
338 1127
338 1194
338 1707
338 2644
339 761
339 1889
340 377
340 2713
340 3286
341 974
341 998
341 1028
342 735
342 1544
342 1605
343 401
343 533
343 4413
344 537
344 999
344 3141
344 5173
345 397
345 407
345 461
345 598
345 1004
346 368
346 425
346 2487
346 4300
348 1068
349 1545
349 3202
350 628
351 352
351 2009
351 2325
351 2904
351 4062
352 1204
352 1331
353 1156
353 1670
353 6367
354 419
354 3249
354 3636
355 829
355 5933
356 3021
356 3630
357 501
357 525
357 3705
357 4015
357 5223
357 5712
358 2214
358 2751
358 3572
359 845
359 1029
359 4921
360 733
360 944
360 2006
360 3948
361 503
361 1046
361 1354
362 1110
362 1970
362 2478
363 1458
363 3415
364 454
364 496
364 727
364 4156
365 385
365 815
366 1108
367 376
367 3816
368 898
368 1214
368 3215
368 3687
368 5800
369 1469
369 1613
369 3978
370 430
371 793
371 882
371 1679
371 1947
372 460
373 1084
373 3232
373 4935
374 1775
375 652
375 1255
375 2984
375 4302
376 4558
377 471
377 528
377 2999
378 1473
379 2635
379 4831
380 448
380 660
380 1147
381 679
381 5284
382 1535
382 2361
383 555
384 427
384 2155
384 6398
385 2549
386 731
386 1939
386 2479
386 2886
386 2896
386 3868
387 1363
387 1378
388 396
388 1435
389 579
389 710
389 1405
389 1686
390 451
390 956
390 1071
390 1198
390 3739
391 3618
392 638
392 5308
393 596
393 648
393 684
393 2726
393 2798
394 591
394 1739
394 3677
395 409
395 893
395 1753
395 3562
395 4142
396 399
396 817
396 2229
396 2537
397 2399
398 573
399 500
399 4268
400 514
400 3153
400 4378
401 746
401 807
401 1746
401 4527
402 1898
403 995
403 1891
403 3251
403 4352
403 5903
404 1826
404 3414
404 4780
405 895
405 1367
405 4702
406 5166
408 2425
409 410
409 540
409 3675
411 766
411 1697
411 4824
411 5113
411 5256
412 585
412 1415
413 5141
414 3059
415 542
416 2174
416 4434
416 6022
416 6075
417 627
417 1199
417 1283
417 2314
417 3940
418 510
419 590
419 1425
419 1660
419 4195
420 5703
420 5934
421 546
421 1059
421 4379
422 1142
422 1394
423 909
423 1404
424 2249
425 1092
425 1608
425 3197
425 3275
426 864
426 1210
427 1389
428 645
429 2699
430 475
430 729
430 2357
430 2783
432 602
432 4214
432 5226
433 806
433 1081
433 1767
434 687
435 3388
436 1021
436 1388
436 1563
437 1867
438 472
438 1429
438 4661
439 654
439 1295
439 2015
439 4042
440 748
441 5688
441 5987
442 5530
443 1135
443 2281
443 3168
444 982
444 2170
445 547
445 1074
446 874
446 1530
446 1912
446 2718
447 892
447 1582
447 2438
447 3930
447 4554
448 453
448 3577
449 2985
450 712
451 467
451 1077
451 1365
451 3445
452 1369
452 1503
452 3309
452 4787
453 484
453 3402
454 750
454 1179
454 4070
455 2790
455 4043
456 495
456 1364
456 1519
456 1828
456 2202
456 3987
456 5748
457 873
457 3449
457 4066
458 1172
458 1402
458 5944
459 543
459 4014
460 1351
460 3611
461 947
461 2171
461 4870
462 786
462 4108
463 465
463 522
464 612
464 771
464 2191
465 912
466 907
466 1424
466 1681
466 2969
466 3751
467 487
468 608
468 1086
469 474
469 548
469 635
469 1001
471 1533
472 965
472 5640
473 719
473 1205
473 1325
473 2587
474 526
475 736
475 861
475 3951
475 4634
476 780
476 2533
477 5218
478 559
478 841
478 943
478 6004
480 820
480 1249
480 1539
481 677
481 749
481 2519
482 489
482 781
482 1407
482 1513
483 1050
483 1161
484 1504
484 5853
485 1675
485 4460
486 5097
486 5953
487 2075
487 3461
487 3550
487 6056
488 672
488 2619
488 2874
488 5083
490 553
490 643
490 3505
490 5445
491 2035
491 3774
493 5736
494 978
494 1485
494 1902
494 4480
495 2004
495 2200
495 5060
495 6397
497 809
497 1132
497 2063
498 1009
498 5486
499 530
499 698
499 754
499 1057
499 1321
499 1472
499 3803
500 633
500 1036
500 2230
501 575
501 701
501 1285
501 3250
502 1291
502 2145
502 4605
502 5504
503 1258
503 5183
504 517
504 657
504 1256
504 3003
505 512
505 2201
506 509
506 1117
506 2086
506 3734
506 5654
506 6079
507 915
508 538
509 881
510 578
510 5209
511 2072
511 2343
511 2643
511 2768
512 544
512 1449
512 1910
512 3385
512 3592
513 765
513 768
513 914
513 2464
514 2600
514 3248
515 1105
515 3123
516 866
516 3537
517 1203
517 1523
517 2580
517 6031
518 986
518 4917
520 1385
520 2707
520 5483
522 554
523 910
523 1208
523 1569
523 1678
524 565
524 894
525 1103
526 1016
526 1097
526 1102
526 1375
526 1849
527 545
528 1085
528 1796
528 2628
528 2777
528 2866
528 5067
529 640
529 1602
529 2118
529 2254
530 562
530 923
530 2681
531 933
531 4326
532 582
532 875
532 1224
532 1763
534 607
535 2880
536 810
536 1100
536 1238
536 5234
537 556
537 2180
537 3473
537 5245
538 2068
538 2788
539 2921
540 665
540 852
540 1133
540 2315
541 779
541 989
541 1115
541 1706
542 584
543 1450
543 1624
543 3424
543 3439
544 613
544 720
544 4415
544 5708
545 549
545 1836
545 4053
546 1622
546 3924
547 1027
548 1106
548 1416
548 1432
548 1770
548 4173
550 615
550 935
550 3200
551 639
551 1717
551 6134
552 1888
552 1936
553 1318
553 1520
553 6313
554 1125
554 3349
555 3766
555 5518
556 616
556 641
556 1827
558 848
558 1900
558 4330
559 722
559 1157
559 1615
560 3554
560 5505
562 738
562 1324
562 2431
562 4950
563 920
563 1094
564 568
564 1213
564 1320
564 1785
564 5457
565 646
565 1151
565 2073
565 2298
566 3317
567 1487
567 4398
568 1038
568 1181
569 812
569 1922
570 2369
571 4340
572 747
572 1599
572 2115
572 5576
572 5659
574 1956
574 3324
575 3183
576 728
576 3150
576 3217
576 6096
577 1646
577 2121
577 4290
577 5581
578 693
578 992
578 3350
578 3406
579 718
579 1234
579 1601
579 3053
579 4597
579 5492
580 658
580 960
580 983
580 1531
580 3269
580 4134
581 917
581 5216
582 802
582 1130
582 1565
583 744
583 1856
583 1967
583 2779
584 1762
584 1798
585 2710
585 4026
585 4369
586 1456
586 2614
586 3390
586 3534
588 1070
588 4291
589 2465
589 2492
590 1462
591 911
591 1607
592 689
592 2240
592 4084
593 670
594 2616
594 3876
595 1139
596 934
596 954
596 2949
596 3869
597 891
597 908
597 2706
597 3511
598 1410
598 1490
598 2046
599 2122
599 2660
600 752
600 1265
600 2994
600 6083
601 629
601 669
601 1989
602 1360
602 1923
602 6033
604 1413
604 3800
604 4977
604 5127
605 2535
605 2935
605 5678
605 6335
606 1165
607 745
607 863
607 1030
608 2504
608 3541
609 787
609 984
609 1173
609 3255
609 4792
609 4854
610 927
610 2279
611 2740
612 675
612 724
612 1677
612 3130
612 3195
613 1987
613 4957
615 650
615 1789
616 2893
616 4221
616 4969
617 666
618 685
618 1087
618 1137
618 4212
619 801
619 4307
620 901
620 5019
621 623
621 1088
621 1812
621 3139
622 3298
623 2680
623 2804
625 1526
625 2594
625 2891
625 4748
626 1134
626 1742
626 3096
626 4599
627 653
630 757
630 1403
630 1965
630 2019
630 3054
630 3549
630 4847
631 2527
632 1683
632 3619
632 5154
633 3026
633 5932
634 2204
634 2416
635 767
635 1859
636 842
636 856
636 1894
636 5220
636 5431
637 784
637 2928
638 924
640 1114
640 1577
641 977
641 4116
642 1427
642 2493
642 3446
642 4052
642 4542
642 4609
643 668
643 742
643 1696
644 674
644 2548
644 3290
644 4223
645 1340
645 5680
646 6054
647 726
647 904
648 2016
648 3674
650 2130
651 1000
651 1101
651 2181
651 2965
651 4058
651 5920
652 2238
653 2212
653 3545
655 705
656 939
656 1498
656 1768
656 1972
657 948
658 739
658 2721
659 777
661 1382
661 2326
662 2114
662 4146
662 5538
663 3411
664 1123
664 1309
664 1931
664 4972
665 3646
665 5648
666 4485
667 6298
668 855
668 1150
668 4130
671 2888
672 1371
672 1721
672 4296
673 1163
673 2286
673 2841
673 4442
673 4983
674 2877
674 5773
675 2141
675 3590
676 3219
677 925
677 2864
677 3992
678 1773
680 1209
680 1319
681 1514
681 3595
682 723
683 3216
684 706
684 1171
684 3707
686 814
686 839
686 1148
686 2154
689 1282
689 3363
690 1207
690 1662
690 3778
691 1116
692 1589
693 782
693 5756
694 1262
694 1973
694 4467
696 936
696 4454
699 967
699 2488
699 4312
700 932
700 953
700 4640
701 1817
701 3110
701 4267
703 1315
703 3155
703 4962
704 2131
704 4987
705 4391
706 1184
706 2070
707 4247
707 4416
708 1461
708 1815
708 3315
708 6180
709 1019
710 1996
710 2797
711 798
712 2108
712 2320
713 2390
714 1328
714 2633
715 1643
715 2385
715 3688
716 2322
716 3302
717 1543
717 6032
718 1191
718 1242
718 1722
718 2026
718 2296
718 5307
719 844
719 3101
720 1816
720 3533
721 759
721 1446
721 4057
722 811
722 1227
722 2901
722 6073
723 772
723 1806
723 1991
724 966
725 774
725 822
725 1510
725 5408
726 4394
727 1752
728 770
729 1095
729 1252
729 1883
729 2041
729 2267
729 6257
730 1780
730 2923
731 1072
731 1136
734 1128
734 1219
734 1659
734 3721
736 890
736 2951
736 3530
737 1182
737 2177
737 2305
737 4649
738 854
738 957
738 1532
738 2510
739 1751
739 2583
740 884
740 3076
741 2833
742 860
742 1336
743 1786
743 4478
744 1832
744 2233
744 3156
744 4532
744 6119
745 1749
745 4788
748 1489
748 1745
749 1795
749 3746
750 5229
751 1488
751 4240
752 763
752 2941
754 1033
755 764
755 1066
756 2971
756 3127
758 2555
758 2610
759 1880
760 3482
761 776
761 1486
762 2028
763 1010
763 3381
763 4019
763 6169
764 4144
764 5056
764 5912
765 1484
765 1868
765 2959
766 1013
766 2467
766 3369
767 858
767 3234
767 4965
767 5071
768 3294
769 850
769 2364
769 3973
770 1154
770 3528
771 2005
772 879
772 2671
772 3389
773 4556
774 1031
774 1734
775 2748
775 3808
775 6284
776 836
777 1380
777 5134
777 5701
778 926
778 5428
779 827
780 792
780 1788
780 2428
780 5225
781 1247
781 5389
782 1244
783 968
783 1834
784 897
784 1313
784 4557
785 1808
785 2198
786 2563
787 1467
787 2411
787 6115
788 877
788 946
788 3686
789 3925
790 919
790 1366
790 5647
791 859
791 1113
791 1925
791 2290
791 2964
792 2565
793 1538
793 1977
793 3430
793 3661
793 4025
794 972
794 1338
794 1724
794 2863
795 1300
795 2310
795 4305
796 1695
796 4928
798 990
798 2512
799 828
799 878
799 3051
801 1014
803 1551
803 1635
804 2590
804 4614
805 2505
805 2876
805 5381
805 5919
806 1579
806 3041
807 1257
807 1704
807 1971
807 2224
807 2868
808 1466
809 905
809 1892
809 3119
809 6005
811 1212
811 3908
812 2303
812 3706
813 3628
814 1521
814 6077
815 834
815 3731
815 4272
815 4713
816 1576
817 880
818 1993
818 3682
820 961
820 1023
820 4355
822 2989
823 1392
824 1146
824 2386
825 1069
826 1978
826 2646
826 2920
826 4075
827 1933
829 1178
829 2427
829 5741
830 3228
831 870
831 2053
831 2338
831 2598
832 4994
832 6090
833 2550
833 3311
833 4704
834 1556
834 5529
835 3722
836 1638
836 4646
837 2372
837 5836
839 1829
839 2082
839 3297
839 5771
840 1089
840 1211
840 1383
841 871
841 1729
841 5565
842 1640
842 1824
842 2158
842 4012
843 3583
844 1082
844 1096
844 1401
844 5078
844 5940
845 851
845 876
845 1926
845 2133
846 1158
846 1259
846 2950
846 3802
847 1183
847 1960
848 3420
848 3898
850 1221
850 3184
851 4151
851 5814
852 1022
853 1080
853 3856
853 5844
854 896
854 1452
854 1764
854 2801
854 2955
854 4560
855 1358
855 1583
855 3565
855 4030
855 4584
856 1040
856 2596
856 3919
856 4169
857 1800
857 5297
858 1264
858 1584
858 1728
858 3380
859 1794
859 3907
859 4694
860 1007
860 1342
860 6099
861 1307
861 2712
861 6259
862 1594
862 2283
862 4381
863 1918
864 1186
864 1339
865 1279
865 1723
865 4531
866 1335
866 1481
866 4329
866 4359
866 6025
867 1799
868 1056
868 1308
869 3001
870 3763
871 1497
872 945
872 2430
872 3896
873 931
873 1373
873 6185
874 1093
875 3659
876 2088
876 3034
876 4140
877 1448
877 3272
877 6168
878 1887
878 5093
879 1253
879 1606
879 1617
879 3144
879 5938
880 1144
880 1180
880 2128
880 2136
881 2257
882 1433
883 1062
883 1882
884 1362
885 1263
885 3408
886 997
886 3494
887 3730
888 1047
888 1396
889 2062
890 3391
892 3436
893 1536
893 1564
897 1143
897 1201
898 1237
898 5281
899 2011
899 2220
899 2490
899 4363
899 4577
902 2791
902 4196
903 3704
906 2746
907 1381
907 1727
907 1823
907 2958
907 2977
909 1025
910 1079
910 3483
910 4276
911 1303
911 3905
912 5777
913 1323
914 1940
914 2051
914 3491
915 1400
915 6269
916 2215
917 1160
917 1305
918 4895
918 5482
919 1952
919 2255
919 4033
919 5233
920 1694
920 2842
924 949
924 2292
925 1702
926 5507
926 5775
927 1006
927 2159
927 5279
928 2381
929 951
929 1280
929 2849
929 5687
930 2288
930 5128
930 5817
933 1196
934 4103
934 5792
935 2259
935 3161
936 3392
937 1899
937 5258
938 1281
938 5031
939 2078
939 2686
940 1032
940 1054
941 1913
941 2260
941 3060
941 4135
942 2359
942 4132
943 5848
944 1218
944 1292
944 1372
944 1553
944 4938
945 980
945 1377
945 1463
946 2168
946 2758
946 4120
947 4198
947 4949
949 1557
949 4735
950 1138
952 976
952 2648
954 2232
954 2270
954 3862
955 1471
955 3004
956 3544
957 1232
958 988
959 1121
959 2382
960 1243
960 2339
961 2056
962 1065
962 1175
963 1018
963 2203
963 5311
964 1011
964 3717
964 5815
965 2113
965 2630
966 3058
967 2097
967 5032
969 3066
970 2422
971 1408
971 1614
971 3744
971 4510
972 1423
973 1348
973 2765
973 3187
973 4089
973 4311
974 1655
974 2839
974 4673
975 981
975 3855
976 1420
976 1801
976 4502
976 5592
977 1174
978 2645
980 985
980 1445
980 1512
980 5976
981 1895
981 3513
983 1522
983 5109
984 1055
984 1231
984 1961
984 4594
986 1314
986 1496
986 1792
986 4149
986 5921
987 1631
987 2623
989 3276
990 1468
990 1822
990 2127
990 2403
990 2906
990 3133
991 1547
991 2280
991 3263
992 1118
995 1270
995 1719
995 2219
996 1129
996 1421
996 1566
996 4118
997 1015
997 1299
997 2847
997 3830
998 1276
998 4164
998 4298
999 4386
1003 1654
1003 4503
1004 3568
1005 3977
1006 1306
1006 3109
1007 1715
1007 2109
1007 3326
1008 1814
1009 1782
1010 2514
1011 1346
1011 4411
1011 5677
1012 1708
1012 3247
1013 1711
1013 3355
1013 3982
1014 2100
1014 2516
1014 2517
1016 1476
1016 1612
1016 2943
1016 4332
1017 3201
1018 2720
1018 3036
1018 4879
1019 3519
1020 1090
1020 2875
1021 2709
1021 3331
1022 1109
1022 1271
1022 1578
1023 1343
1023 5597
1025 3222
1026 1302
1026 4433
1027 2843
1027 4974
1028 1126
1028 4181
1029 3553
1030 1294
1030 2284
1030 3033
1030 4500
1031 1636
1031 1948
1031 4628
1031 5743
1031 6030
1032 1616
1033 1713
1033 2217
1034 1060
1034 1061
1034 1825
1034 3300
1034 6288
1036 1414
1036 4578
1039 4497
1039 5212
1040 4499
1041 1921
1041 6244
1043 1957
1043 4189
1044 1051
1044 1272
1044 3464
1044 4395
1047 1546
1047 1932
1047 2112
1047 2164
1047 2982
1047 4849
1048 4069
1049 1124
1049 2045
1049 2993
1051 2111
1051 5634
1052 4388
1052 4396
1053 1391
1053 2903
1054 1680
1054 2066
1054 2601
1055 1159
1055 1168
1055 5500
1057 3037
1057 3049
1058 5038
1060 1628
1062 1560
1062 3496
1062 5894
1063 3287
1063 4618
1063 5811
1065 3081
1065 4546
1066 1091
1066 3769
1066 4344
1066 5401
1066 5525
1067 2246
1067 6153
1068 1411
1069 2050
1071 3741
1072 1897
1072 2666
1073 1916
1073 4993
1074 1609
1074 3211
1075 1929
1075 2335
1075 2745
1075 3468
1078 3559
1078 4825
1078 6374
1079 4714
1079 5353
1081 2388
1081 3499
1082 1927
1082 3947
1082 6294
1084 1907
1084 1985
1084 5231
1085 1236
1086 1293
1086 1620
1087 1862
1087 2752
1087 3690
1087 3923
1088 1587
1088 2117
1089 1720
1089 2722
1090 3921
1091 2835
1092 3043
1092 5352
1092 5537
1093 3116
1094 2258
1094 3431
1095 1460
1095 2040
1095 5323
1096 1195
1096 1627
1096 2766
1096 2772
1096 4175
1096 5021
1097 1153
1098 3885
1098 5584
1100 2582
1100 3173
1100 3974
1100 4898
1100 5641
1100 6281
1103 4891
1105 6091
1106 1140
1106 1149
1107 1811
1107 3403
1107 3913
1108 2116
1108 3621
1109 5167
1113 2637
1115 1409
1115 1964
1115 2605
1116 1337
1117 1701
1118 2183
1119 1515
1119 4576
1120 3069
1120 3641
1121 1428
1123 1851
1124 1233
1124 2784
1126 1417
1126 3438
1126 3814
1127 1386
1128 2036
1128 2347
1128 3538
1128 5838
1129 1506
1130 1666
1130 3967
1130 4091
1130 5259
1131 1475
1131 1994
1131 3548
1133 1374
1133 4707
1133 6280
1134 1807
1136 1861
1136 2223
1137 2611
1138 2979
1138 5295
1138 5517
1139 1692
1139 1874
1139 1968
1140 4008
1141 2138
1142 1791
1142 3111
1142 3725
1143 2577
1143 5715
1144 2473
1144 5309
1145 1885
1146 1671
1146 2373
1146 5143
1147 1580
1147 1658
1148 1464
1148 1784
1149 1248
1152 1958
1152 3373
1153 2120
1153 2312
1154 1162
1154 1872
1156 1805
1156 5793
1157 3799
1158 1630
1158 2091
1159 2242
1159 4925
1160 5766
1161 4201
1161 4774
1162 2585
1163 2160
1163 2518
1163 2559
1164 4806
1165 2992
1165 5379
1166 6027
1167 3140
1167 5511
1168 3107
1169 1525
1169 2457
1169 3712
1170 2237
1170 2905
1170 3310
1170 3608
1172 2781
1173 6041
1174 1893
1174 3504
1175 1943
1175 3710
1177 1189
1177 1322
1177 2272
1178 1839
1179 1368
1179 1600
1180 3890
1181 2698
1183 1871
1183 2008
1183 5586
1184 3557
1185 1287
1185 3429
1186 1215
1186 3236
1188 1687
1189 3131
1190 1269
1190 4766
1191 1865
1191 2332
1192 1499
1192 2472
1192 4410
1192 5274
1193 1969
1194 3296
1195 3245
1196 2273
1196 3679
1197 1548
1197 1979
1197 2562
1198 1804
1199 1847
1199 4733
1199 4838
1200 1558
1200 3289
1201 5666
1204 1673
1204 2525
1204 5812
1204 6094
1205 1529
1205 3306
1205 5242
1206 3165
1206 4469
1209 5091
1211 5359
1212 2657
1212 2704
1212 3737
1212 4431
1212 5124
1213 1758
1213 5929
1214 1431
1214 2324
1215 3242
1216 1444
1216 2678
1216 4445
1217 2193
1217 5553
1218 1495
1218 2261
1218 2613
1218 4515
1219 2038
1220 2167
1220 2418
1221 1737
1221 2541
1221 4495
1221 5187
1222 1735
1222 1841
1222 1999
1222 3092
1223 2404
1223 3283
1224 1447
1224 1709
1224 2915
1224 5180
1224 5426
1225 2574
1225 5490
1226 1230
1226 1863
1226 2037
1226 2803
1228 5611
1229 5719
1230 5783
1231 1904
1231 2001
1231 4171
1232 4770
1233 1332
1233 2850
1234 5191
1235 2463
1236 3048
1236 6275
1237 1549
1237 1575
1238 2172
1239 2528
1240 2356
1240 2663
1240 3479
1240 3502
1243 1442
1243 5386
1243 5397
1244 3346
1244 4496
1244 6095
1245 1327
1245 1625
1246 1710
1246 2151
1246 3552
1247 1437
1248 2367
1248 6219
1250 1355
1250 1477
1250 1682
1251 1344
1251 1379
1252 2353
1252 4202
1253 2345
1253 2705
1253 3847
1253 5087
1254 5013
1256 2456
1256 6198
1257 3478
1258 1950
1259 2627
1260 2902
1262 1955
1262 2144
1262 3523
1262 5882
1263 1637
1263 3012
1263 3748
1264 2313
1265 1774
1265 3417
1265 3560
1266 6155
1267 1854
1267 2346
1268 1438
1269 1988
1269 2157
1269 4072
1270 2222
1271 1833
1271 2461
1271 6066
1272 1954
1272 2389
1272 2986
1272 3960
1273 2251
1274 1508
1275 1714
1275 2410
1275 2682
1276 1554
1277 4655
1277 4883
1278 1665
1278 4672
1279 1474
1279 2670
1279 4541
1280 1657
1280 1733
1280 2815
1281 1573
1281 2858
1282 3955
1284 3780
1285 2099
1285 5320
1285 6138
1288 1732
1289 2530
1289 5759
1291 1387
1291 3024
1291 3084
1292 1296
1293 1334
1293 1855
1293 2089
1295 1962
1295 6049
1297 1653
1297 2895
1297 3470
1300 3020
1302 1629
1302 5197
1303 5965
1304 3002
1305 1439
1308 1809
1308 3976
1308 4877
1308 4937
1309 2250
1311 1611
1313 1803
1315 2306
1315 2355
1315 4009
1317 1942
1317 3963
1318 2055
1318 4893
1318 5355
1319 1441
1319 3786
1320 1422
1320 1633
1320 2499
1321 1370
1322 2821
1324 3194
1324 4720
1325 2275
1325 3182
1325 3689
1326 1878
1326 4157
1326 5519
1327 4364
1329 2974
1330 3991
1331 1718
1331 2828
1333 1393
1333 1966
1333 2253
1333 2352
1333 4624
1334 2095
1334 2547
1334 3742
1334 5840
1334 6226
1336 1980
1336 4073
1336 5890
1340 1399
1340 3532
1342 1518
1342 3260
1342 5627
1343 4423
1344 2276
1344 2724
1345 1479
1345 3871
1345 4474
1346 2025
1346 2268
1347 2093
1347 5631
1350 2468
1350 3567
1351 3042
1351 5881
1351 6310
1352 1434
1353 4812
1353 5907
1354 3850
1354 5620
1356 2792
1357 2186
1358 1852
1358 1975
1358 5207
1360 4888
1362 2423
1362 4941
1363 2521
1363 4953
1364 3735
1366 1507
1366 1738
1366 3861
1368 2378
1368 4346
1369 1634
1369 1747
1369 2216
1369 3031
1369 3842
1370 1649
1371 2575
1373 2553
1373 3124
1373 3354
1375 2960
1376 2307
1377 2178
1377 3178
1380 2123
1380 2938
1380 3345
1380 4863
1381 2048
1381 4424
1382 2341
1384 4794
1385 1517
1386 2395
1387 1550
1387 4453
1388 5466
1389 1398
1389 2543
1389 6013
1390 1406
1390 5760
1394 3083
1395 5686
1396 1430
1397 4523
1397 6047
1401 5211
1402 1501
1402 1725
1402 1756
1402 5110
1402 6183
1404 6327
1405 1511
1405 1905
1406 2074
1407 5062
1408 2662
1408 4765
1410 3421
1411 1911
1411 2300
1412 1493
1412 6361
1413 2536
1414 1645
1414 2213
1414 3647
1414 3749
1415 5776
1416 1562
1416 1740
1416 3487
1417 1592
1417 1684
1418 2102
1419 5068
1419 6162
1420 2137
1420 2333
1420 2572
1420 3838
1421 3727
1423 1693
1424 1750
1424 2898
1424 4203
1425 2319
1425 3684
1426 3662
1427 3640
1428 1571
1428 1639
1429 2107
1429 2929
1429 3358
1429 5674
1430 3148
1431 2034
1432 3291
1433 2444
1434 2728
1434 2894
1434 3277
1435 3019
1436 2737
1436 2739
1437 1509
1438 3526
1438 4104
1441 1676
1441 2442
1442 3555
1443 2083
1443 4643
1444 1664
1444 2981
1445 1986
1446 1757
1446 3509
1448 1644
1448 2000
1448 2098
1448 4259
1449 1500
1449 1914
1449 4121
1450 1896
1451 1586
1451 1730
1452 4918
1452 5205
1452 5347
1452 5453
1453 1886
1453 4446
1455 1491
1455 2744
1458 2010
1458 5123
1459 4861
1460 1820
1460 2135
1460 2808
1460 3714
1460 4776
1461 2291
1461 3788
1462 1995
1462 2690
1462 6373
1463 1830
1463 1838
1464 6163
1465 1818
1465 4351
1466 2532
1466 3410
1466 3596
1466 3605
1467 3365
1467 3904
1468 4258
1470 4032
1470 5272
1471 3063
1472 4270
1475 2957
1476 4709
1477 1731
1477 2161
1477 3120
1477 4122
1477 4607
1477 4782
1477 4813
1478 1777
1478 1781
1478 1901
1479 3867
1479 5542
1480 1705
1480 1819
1481 2439
1481 3175
1482 1552
1483 1663
1483 1667
1483 1864
1484 4111
1485 2090
1485 4778
1485 5778
1486 1559
1487 3189
1487 3457
1488 1802
1489 4328
1489 4427
1490 1650
1490 5139
1491 1561
1491 3337
1492 3351
1493 2308
1493 3535
1495 1853
1495 3091
1496 3915
1497 2269
1497 3486
1498 3558
1498 3776
1500 1621
1500 3208
1502 1983
1503 3177
1503 4740
1504 1870
1505 3055
1505 4182
1506 1597
1506 2774
1507 2412
1509 1661
1509 4810
1510 3193
1511 1959
1511 3395
1511 3673
1512 2526
1513 1596
1513 2196
1514 1974
1514 1981
1514 2502
1514 6375
1516 2715
1516 2881
1517 4973
1517 5300
1518 1992
1519 2140
1519 4539
1520 1632
1520 1685
1520 2264
1521 2597
1521 2844
1521 3035
1523 1716
1527 2044
1528 5540
1529 3488
1531 2185
1531 2415
1531 2914
1531 4585
1532 4552
1532 5625
1533 5761
1534 3841
1534 4742
1534 5692
1537 3267
1538 6324
1540 2421
1540 2511
1540 4903
1541 4907
1542 2972
1544 3078
1544 3307
1544 4512
1545 3451
1546 2064
1546 5261
1547 2520
1547 4321
1547 5434
1548 1647
1549 2376
1551 3620
1551 5577
1552 2695
1552 6002
1553 2936
1553 3268
1553 4007
1554 2152
1554 2634
1554 2996
1554 5879
1555 1648
1555 1997
1555 5367
1556 3015
1556 3454
1557 3986
1559 1642
1559 2738
1561 1759
1561 2760
1562 1700
1562 2889
1563 2845
1563 3821
1563 3824
1566 2054
1566 2371
1566 4083
1567 3279
1568 3455
1568 4443
1569 2150
1569 3475
1569 3784
1570 2165
1571 2426
1571 2523
1571 3145
1571 5063
1572 2945
1572 4795
1573 1837
1573 3082
1573 5390
1573 6082
1575 1691
1575 4844
1576 1736
1576 3962
1577 1990
1578 5086
1578 5371
1579 4139
1580 3172
1582 4097
1582 4099
1582 5361
1582 5448
1583 3014
1583 5607
1584 3629
1588 1779
1590 1760
1590 3580
1590 3672
1591 2274
1591 5626
1591 6074
1592 6222
1594 3927
1596 2899
1596 4991
1596 5241
1597 3312
1600 2440
1600 4256
1601 3259
1601 3764
1602 2529
1603 2039
1603 2301
1603 2380
1603 5980
1604 2317
1604 2871
1605 3191
1607 3525
1608 2106
1609 1810
1610 4637
1610 5008
1611 2466
1613 2685
1616 5269
1617 3594
1620 1790
1621 3521
1623 1998
1623 4001
1623 4708
1624 2692
1624 3700
1624 3834
1625 3090
1626 5192
1627 1651
1627 4252
1627 4715
1628 1741
1629 2179
1631 1772
1632 2775
1633 5385
1634 4876
1635 2052
1635 4745
1637 2342
1637 5425
1638 2139
1638 2236
1638 4232
1639 1850
1641 2252
1642 3387
1643 3163
1644 1793
1645 1963
1645 2795
1645 5600
1647 2837
1647 3529
1648 1846
1648 4998
1650 6246
1651 6146
1651 6154
1652 1689
1653 1920
1653 5144
1653 5685
1653 6210
1654 2156
1654 2747
1655 4096
1656 2208
1656 3224
1657 2210
1657 4592
1657 5679
1658 2370
1658 3239
1658 4226
1659 1688
1659 2495
1660 3660
1661 3196
1661 6227
1662 3126
1663 3839
1665 2571
1665 3407
1665 3720
1666 2629
1666 3125
1667 2289
1667 5315
1668 4902
1669 3984
1669 4224
1670 2946
1671 2498
1671 2684
1671 3698
1672 3804
1675 3366
1675 6060
1677 2474
1677 2910
1677 4851
1677 5762
1678 2104
1678 4314
1679 1934
1679 4818
1680 2094
1682 3135
1683 2673
1684 1748
1684 2358
1684 4350
1685 5075
1686 4237
1686 5047
1687 2316
1688 2417
1689 3079
1689 6215
1690 1778
1691 1915
1693 5841
1694 3147
1694 3826
1695 1844
1696 2907
1697 5005
1698 2503
1700 1783
1700 2293
1700 5061
1701 1761
1702 1712
1702 4687
1702 5356
1703 5560
1703 5999
1704 5048
1705 2460
1707 5368
1707 5423
1708 2716
1708 4006
1708 4990
1709 4608
1710 2674
1714 4438
1715 2433
1716 5963
1717 2084
1718 1857
1718 2362
1718 2522
1719 3205
1720 2831
1720 4706
1721 4799
1723 3142
1723 3160
1723 5578
1723 5579
1725 5236
1725 5268
1727 2922
1728 1951
1728 6062
1729 2067
1729 2374
1729 2838
1730 1860
1730 2570
1731 2071
1731 2816
1731 2912
1733 3613
1734 5000
1735 2900
1735 4698
1735 6390
1736 2459
1736 5487
1737 2592
1738 3396
1739 2330
1739 2932
1739 5810
1740 3556
1740 4035
1741 1813
1741 2482
1741 3220
1742 1787
1742 2175
1742 2606
1743 2944
1743 3343
1743 4241
1744 4932
1746 4094
1747 2149
1747 2162
1748 4245
1749 2679
1750 1876
1750 2500
1751 2675
1752 4269
1753 5843
1755 4862
1756 6290
1758 6050
1759 2340
1762 1906
1762 4660
1762 5821
1763 2153
1764 4155
1766 4874
1767 4940
1768 4775
1769 1776
1769 3169
1771 2195
1771 2354
1771 3582
1772 3515
1773 3599
1773 5436
1775 1797
1775 2829
1776 2069
1776 2754
1776 4885
1779 1919
1779 3017
1780 3516
1781 2126
1781 3435
1781 3634
1782 4101
1783 3327
1783 5412
1786 2061
1786 4654
1787 3323
1787 3542
1787 5024
1787 6376
1788 4387
1788 4516
1789 2176
1789 3812
1789 5150
1790 6165
1791 2980
1791 3007
1791 4165
1791 4505
1791 5351
1792 4729
1792 5700
1793 2419
1794 2302
1796 2207
1796 2578
1797 3602
1797 5022
1798 2930
1798 3338
1798 3892
1798 4508
1800 1924
1800 4145
1800 4306
1801 3459
1801 4726
1801 6371
1803 2227
1803 3158
1803 5306
1804 2397
1804 2491
1805 2501
1806 2688
1806 4377
1806 5866
1807 6186
1808 2129
1810 4905
1811 2800
1812 4003
1813 3164
1813 4509
1814 3779
1815 5076
1816 2822
1816 3282
1816 3443
1817 4356
1817 5508
1817 5751
1818 2976
1818 3757
1819 1949
1820 5002
1821 2470
1821 2506
1823 3512
1824 2799
1824 3719
1825 3274
1825 3773
1825 3935
1828 2968
1828 4005
1828 4611
1829 3413
1830 2647
1830 3694
1830 4000
1830 6026
1831 2087
1831 3437
1833 2540
1833 6021
1834 2967
1834 3062
1835 3303
1836 3151
1838 2732
1838 2830
1838 4210
1838 4627
1838 4688
1839 2119
1839 2406
1839 4281
1839 4494
1840 2271
1842 2825
1843 2363
1843 2924
1844 3353
1844 6107
1845 2194
1846 2182
1846 2736
1849 3073
1849 3601
1850 2166
1851 3956
1851 4294
1854 3865
1854 6372
1855 2515
1855 2787
1856 2796
1856 4830
1857 2042
1858 4610
1859 3657
1860 4190
1860 4374
1862 2970
1862 3128
1862 3702
1862 4975
1864 5696
1865 2882
1865 4805
1865 5926
1866 2458
1866 5523
1867 5163
1869 3450
1869 4365
1869 5993
1871 3678
1873 2937
1873 4820
1874 3203
1875 3152
1875 3740
1875 3789
1875 5069
1877 3341
1877 3768
1877 4506
1878 3934
1879 3503
1880 2558
1880 2878
1881 5727
1882 3100
1882 5303
1886 5196
1886 5438
1887 5454
1888 2811
1888 3114
1888 3223
1890 4249
1891 2445
1892 2856
1892 3738
1895 3758
1896 4421
1898 2939
1898 4501
1899 3691
1899 5928
1900 2077
1900 3009
1900 3278
1902 3166
1902 3339
1903 2244
1903 3815
1904 2017
1905 4944
1906 4343
1908 4315
1909 2014
1909 2125
1910 5193
1911 3095
1912 4231
1913 3342
1914 3335
1914 4079
1914 5910
1915 5946
1916 3318
1916 3352
1917 2266
1918 2687
1918 5484
1918 6378
1919 3271
1922 4901
1923 2393
1923 2400
1924 2589
1924 5066
1924 5251
1925 2188
1925 3581
1925 4310
1926 2023
1926 2782
1926 3006
1926 5959
1927 2402
1929 2890
1930 2650
1932 2248
1932 2576
1932 2927
1932 3638
1934 5665
1937 2638
1940 2694
1941 1946
1941 2836
1941 2883
1942 2344
1943 2143
1943 2872
1944 3319
1945 3186
1946 4399
1947 2398
1947 6206
1948 5514
1953 2060
1955 3399
1956 2485
1956 3471
1957 2639
1957 3162
1958 2683
1958 3456
1958 6353
1959 3379
1959 5265
1959 5373
1961 3676
1965 2475
1965 4056
1965 4530
1965 5460
1966 2855
1966 3093
1966 4286
1966 4966
1967 3405
1967 3551
1967 5667
1968 3711
1968 4749
1968 5496
1970 2173
1971 4504
1971 5230
1971 6216
1973 2727
1973 4405
1974 3375
1974 4985
1976 4563
1976 4613
1977 2432
1977 4798
1978 2940
1980 2394
1980 5288
1980 6306
1981 4587
1984 2218
1984 3075
1985 2146
1985 2453
1985 4492
1987 2652
1987 3753
1987 5979
1988 2854
1989 3476
1992 2081
1992 6300
1995 2508
1995 2714
1996 3198
1997 4488
1998 4266
2001 4086
2002 2851
2004 4148
2005 2024
2006 4233
2007 2435
2007 3805
2009 2655
2009 3506
2009 6089
2010 3013
2010 5494
2011 2387
2012 2241
2012 4490
2013 5446
2013 5477
2014 2975
2014 3474
2016 2823
2016 3112
2016 5877
2017 2569
2017 2780
2018 3010
2020 4126
2023 4046
2023 5971
2024 4316
2025 5237
2026 2591
2026 5360
2027 4280
2028 5459
2028 5900
2029 5276
2029 5536
2033 2963
2038 4404
2038 5539
2040 3266
2041 2933
2041 4477
2042 6311
2043 3008
2043 5026
2043 6277
2044 2184
2046 3038
2046 4308
2047 2147
2049 2911
2049 6078
2051 3244
2053 2534
2055 2817
2056 2729
2057 3465
2058 2926
2060 2711
2062 2211
2062 4462
2062 6247
2063 2190
2063 2584
2063 3844
2064 2225
2064 2297
2065 3938
2065 5707
2065 6191
2066 5590
2067 2080
2067 2753
2069 5194
2070 3791
2071 2764
2071 3188
2073 4491
2073 4860
2075 3052
2076 3377
2076 5591
2077 4486
2077 4919
2078 5547
2079 5252
2079 5915
2080 3325
2081 2477
2081 4293
2081 5165
2082 4362
2083 2368
2084 2819
2085 5034
2086 3089
2086 5302
2089 2377
2090 2192
2092 5755
2092 6052
2093 2351
2094 2420
2094 3760
2094 3785
2095 3809
2095 6325
2097 2857
2098 4551
2099 3117
2099 6149
2100 2636
2101 5326
2102 2717
2102 2786
2102 3011
2102 6249
2103 5816
2104 3796
2104 4112
2105 2602
2107 4370
2109 3625
2109 4865
2109 5249
2110 2701
2110 4063
2111 2263
2112 2840
2113 2436
2113 3680
2114 4562
2116 3571
2116 4823
2116 5369
2117 3589
2117 3777
2118 4797
2120 4239
2122 2337
2124 3394
2124 4763
2128 2366
2128 2917
2128 4483
2128 5292
2130 2497
2130 4177
2130 5964
2131 5155
2132 2861
2132 5595
2133 4163
2133 5137
2134 2287
2134 3897
2134 3929
2135 3243
2135 5266
2138 5406
2139 5325
2140 5972
2141 5387
2141 5827
2142 2392
2142 3288
2143 4016
2143 4361
2143 6308
2145 2384
2145 5757
2146 2334
2147 6299
2150 2309
2150 2327
2150 5475
2151 2496
2151 3237
2152 2531
2154 3650
2154 4559
2156 3393
2156 4803
2156 4842
2159 3500
2160 2749
2161 6345
2162 2956
2162 3167
2164 2299
2164 3265
2165 4960
2166 2424
2166 5404
2169 3663
2171 3068
2173 5181
2175 3460
2175 3996
2177 2869
2177 5420
2178 4484
2178 4544
2179 3364
2181 2434
2182 2448
2182 3256
2182 4583
2183 3231
2186 3610
2186 5705
2187 2640
2187 2659
2187 6393
2188 3903
2190 3280
2191 3368
2191 4939
2192 4652
2193 3822
2194 2209
2194 4109
2195 4603
2196 4866
2198 3121
2198 4916
2201 2668
2201 4675
2203 2552
2203 3397
2204 4373
2207 5331
2208 4038
2211 4143
2211 4685
2212 2348
2212 3207
2213 3917
2213 5604
2216 2669
2216 6296
2219 2311
2219 2383
2220 2285
2221 3540
2221 4692
2223 2667
2223 4179
2224 2449
2225 4441
2227 4886
2228 4227
2232 5845
2233 4168
2233 5246
2235 5774
2238 4517
2244 4781
2244 4981
2247 2409
2247 3723
2248 3115
2248 3941
2251 2331
2251 2408
2251 5020
2252 3137
2252 5637
2253 2524
2254 2401
2254 4767
2254 5257
2255 3964
2255 4439
2258 2556
2259 3891
2259 6221
2260 2802
2260 6282
2261 3370
2261 5382
2262 2278
2263 3252
2263 5151
2264 4218
2265 2328
2265 2919
2266 3372
2266 4320
2267 2483
2267 3936
2267 3944
2268 2321
2270 3023
2270 3330
2271 4106
2275 3157
2275 3645
2276 2862
2276 4909
2277 4271
2278 4023
2279 3409
2280 2873
2281 6260
2284 3039
2286 4511
2286 4700
2287 2294
2288 2612
2289 6040
2291 3032
2292 2450
2292 4697
2293 3604
2293 4180
2293 5427
2294 3074
2296 2329
2297 2454
2302 2480
2302 2622
2302 5095
2305 3344
2306 4731
2308 2581
2308 2916
2310 2887
2311 3756
2311 4027
2312 3622
2314 5363
2316 3170
2316 4906
2318 4199
2318 5338
2319 2834
2319 4615
2319 5033
2321 3071
2321 3301
2321 4836
2323 5633
2328 3262
2328 3945
2330 4856
2332 3792
2332 4124
2335 6382
2336 4929
2338 2462
2341 3922
2341 4693
2342 2481
2345 3507
2345 4573
2345 5065
2347 5585
2348 2767
2349 4701
2351 5035
2352 3180
2352 4255
2352 4927
2354 3367
2358 3510
2359 2391
2360 4002
2360 6271
2361 5499
2362 2538
2362 3210
2362 4777
2363 2990
2363 4699
2364 2997
2365 3065
2365 3790
2365 5105
2365 5121
2366 2405
2366 2586
2367 5238
2368 4899
2369 3213
2370 3666
2371 2604
2371 2617
2371 3229
2371 4924
2371 5889
2373 5671
2373 6212
2374 2413
2374 4598
2375 3829
2375 6137
2377 4336
2377 5996
2378 3966
2378 6061
2382 3257
2382 4333
2384 5583
2386 2564
2386 4829
2387 4420
2387 4425
2387 6396
2388 3016
2388 4265
2391 3452
2393 2653
2394 3708
2394 4550
2394 5470
2395 2691
2395 5955
2396 2654
2398 4186
2398 4791
2399 3857
2402 2429
2402 4493
2402 6069
2403 3254
2405 2735
2405 3667
2405 4125
2406 5103
2408 3022
2408 5348
2410 3226
2411 3108
2413 2560
2413 4645
2414 5864
2417 4215
2418 2708
2418 3105
2418 5340
2419 2934
2419 4914
2420 3072
2421 5407
2422 5112
2422 6203
2423 2437
2424 3846
2424 5598
2428 5643
2430 4922
2431 2813
2432 4826
2433 3570
2435 2593
2435 5941
2439 3316
2440 2702
2440 2778
2440 2909
2440 3199
2440 6161
2443 2656
2443 4055
2444 2742
2444 3477
2444 3713
2445 2471
2445 3817
2445 4853
2445 5333
2447 2998
2447 5317
2450 5299
2451 2561
2451 2755
2451 3701
2452 3088
2454 4852
2458 4036
2458 5468
2459 3736
2459 3823
2460 3798
2461 6152
2461 6385
2462 2820
2463 3030
2464 4482
2469 4677
2470 2658
2470 2805
2475 4538
2476 3383
2478 2810
2478 3893
2484 5184
2485 2879
2485 4039
2487 5683
2492 3067
2492 3281
2492 3398
2493 3040
2496 4857
2497 3524
2498 2641
2499 4958
2502 2733
2502 6046
2505 4024
2506 3404
2507 3336
2508 5273
2511 5642
2515 4840
2515 5085
2517 4926
2519 2793
2520 4815
2521 3314
2522 2762
2526 2942
2526 4100
2526 4174
2527 3754
2529 2848
2530 2642
2530 3651
2530 4789
2530 5985
2533 5153
2537 2789
2540 2568
2540 2599
2541 2859
2541 3419
2541 3546
2541 4263
2545 5414
2546 5636
2548 3574
2548 5753
2550 3957
2550 4418
2551 5185
2556 3204
2556 5532
2557 4274
2557 6181
2560 2734
2561 3609
2562 3522
2562 4566
2563 2814
2563 4588
2564 4988
2565 4601
2567 5293
2568 6151
2569 6238
2571 3261
2571 4246
2571 4717
2575 3878
2575 6010
2577 4540
2579 3489
2579 4616
2580 2696
2580 4773
2581 3877
2582 6196
2587 4570
2587 6289
2588 3384
2591 2625
2591 2867
2591 2885
2591 3176
2591 4476
2593 4115
2594 2731
2594 4191
2594 4465
2595 3264
2595 4287
2597 3840
2597 4574
2599 4090
2600 3453
2603 5248
2603 5250
2604 2700
2609 5839
2610 5070
2610 5734
2612 5829
2617 4234
2617 6207
2618 4092
2620 3639
2621 4211
2622 3584
2622 4235
2623 2807
2623 3643
2623 4911
2625 3230
2627 5673
2628 4077
2629 4040
2629 4085
2629 4161
2630 3061
2630 5896
2632 3543
2634 3085
2634 5059
2634 5807
2634 6363
2635 3632
2636 2759
2636 3953
2636 4197
2637 3360
2637 3887
2638 4867
2639 3902
2639 6009
2642 2677
2643 4575
2644 2952
2646 6362
2647 5040
2649 3104
2649 4238
2650 4547
2651 4138
2651 4358
2653 6329
2654 4642
2655 5887
2656 2860
2656 4881
2658 4452
2659 2962
2659 3047
2659 3843
2660 2665
2660 4107
2662 5863
2664 4068
2665 4945
2667 4440
2668 4948
2669 5136
2670 4357
2671 2743
2671 4750
2672 3536
2672 4716
2674 3566
2674 3616
2675 2846
2676 6323
2677 3899
2679 2988
2679 3981
2680 3901
2680 5656
2681 3447
2681 5495
2682 3911
2682 5247
2682 5350
2683 3134
2683 4468
2685 3086
2685 5589
2686 5253
2687 2697
2687 6038
2689 2723
2690 5168
2690 6036
2691 4602
2692 4335
2693 5172
2696 2741
2696 3181
2698 4389
2699 6391
2702 2966
2705 4110
2705 4133
2707 3860
2708 5152
2709 3308
2709 3614
2709 5752
2711 3440
2712 3949
2712 4095
2713 2892
2715 5791
2716 6159
2719 2773
2719 2818
2720 2770
2720 3664
2721 4986
2723 2827
2725 5619
2726 4526
2727 2809
2728 3185
2733 6321
2739 4400
2741 2991
2741 3828
2742 5617
2743 3328
2745 2771
2746 3600
2746 4322
2750 4722
2751 3914
2754 5451
2754 5691
2756 4154
2757 3434
2757 5255
2757 5682
2757 6135
2761 5733
2762 3258
2763 4682
2764 3113
2764 4304
2765 3762
2765 4067
2765 4513
2765 5876
2766 3433
2766 3685
2767 3495
2767 3875
2768 4243
2769 5271
2770 4882
2779 2832
2780 3579
2781 3759
2781 6234
2785 4461
2787 3000
2787 3253
2787 4521
2789 6108
2790 5943
2791 2978
2791 3607
2792 6346
2793 3472
2794 4278
2795 5077
2796 4385
2796 6266
2797 4719
2798 3362
2801 4884
2801 6045
2801 6258
2803 3703
2806 3994
2807 4076
2807 4222
2807 5593
2808 5089
2808 5629
2810 5613
2810 5891
2814 5957
2815 4376
2817 3858
2818 6360
2820 3102
2821 3304
2821 4996
2822 6048
2823 3833
2824 2913
2824 4194
2828 4725
2828 4807
2829 4114
2829 4251
2830 3493
2832 5485
2833 4896
2834 6000
2835 3401
2835 3825
2835 4978
2840 4127
2842 4172
2842 4894
2842 5145
2843 4747
2846 2954
2847 5254
2848 5334
2851 3136
2853 3573
2855 3490
2858 5125
2859 5880
2860 5366
2861 3192
2864 4671
2865 2918
2866 3056
2867 3099
2867 5958
2869 2947
2869 4470
2873 6174
2874 3916
2875 5819
2876 4371
2879 5215
2880 3018
2881 4525
2882 4426
2884 3305
2884 3752
2884 5149
2886 3733
2886 4275
2887 3939
2888 4345
2888 4816
2890 3005
2892 2931
2893 3285
2893 4248
2893 5858
2896 2953
2896 4519
2897 6184
2902 3518
2902 5471
2906 4507
2910 4793
2911 4184
2912 4979
2912 5888
2917 5551
2922 2983
2923 3412
2923 5282
2924 3854
2926 4964
2928 4412
2928 5473
2929 3926
2929 4625
2930 3442
2930 3882
2935 3820
2936 3080
2936 3954
2937 4999
2940 3357
2940 3894
2940 5430
2941 4695
2942 4758
2944 3462
2944 3531
2944 4595
2944 5689
2946 4545
2948 5489
2949 3118
2949 3597
2950 3724
2951 3333
2951 4635
2952 4727
2953 5552
2954 4736
2954 5012
2956 3270
2956 3697
2957 4048
2957 4229
2961 3586
2961 4553
2961 5322
2964 3132
2964 4951
2965 5442
2966 5850
2968 3728
2968 5456
2969 3371
2971 3969
2972 3077
2972 4771
2973 6305
2974 6379
2975 3787
2977 3313
2978 3025
2981 4353
2982 5983
2984 3644
2984 5388
2985 5222
2987 5050
2988 4622
2990 3227
2990 5159
2991 5042
2993 3029
2993 4785
2996 5479
2996 6336
2998 5072
3001 3836
3003 5090
3004 4337
3005 4299
3006 3087
3007 3781
3008 5017
3010 3683
3012 5294
3013 5772
3014 4762
3016 3340
3016 4970
3017 3138
3019 4185
3019 4451
3022 3649
3025 5564
3027 4383
3029 3423
3029 5102
3030 3895
3031 3149
3031 5569
3032 3097
3033 4845
3033 5587
3033 6141
3034 3233
3035 3467
3035 4450
3035 5138
3036 4783
3038 5055
3039 5937
3040 3588
3040 5219
3040 5622
3041 3098
3041 5871
3045 3218
3050 4657
3053 3501
3055 3637
3055 3837
3055 5263
3055 5796
3057 3603
3059 3359
3059 5391
3060 3658
3061 3190
3062 4808
3063 3872
3064 5081
3067 3070
3067 4963
3068 3241
3068 6340
3069 5329
3070 4690
3072 4904
3072 4923
3074 4633
3074 5697
3075 4942
3076 5377
3078 4078
3078 4341
3081 6355
3084 6133
3085 3332
3087 4872
3088 4029
3088 4589
3091 3845
3093 3999
3094 4890
3095 3656
3097 3458
3099 4721
3101 4650
3103 3293
3110 4757
3111 3943
3112 4141
3114 4571
3115 4428
3117 3693
3121 3485
3121 6097
3122 4752
3126 6370
3127 3347
3127 3755
3131 3617
3131 3912
3137 4956
3137 5998
3140 4061
3142 3348
3144 4581
3145 3750
3145 5383
3146 4419
3148 4318
3150 5561
3152 3827
3153 3240
3153 6211
3157 5174
3157 5372
3157 6112
3157 6236
3159 4732
3160 4309
3160 5718
3162 3587
3165 4802
3165 5217
3169 5160
3170 3623
3170 5709
3175 4586
3175 5732
3179 5714
3180 4479
3180 5520
3182 3418
3184 3997
3187 5765
3189 6059
3190 3615
3192 3480
3193 3400
3197 3642
3197 6182
3200 3221
3200 4858
3201 3652
3207 5559
3208 5501
3209 3993
3210 3299
3211 4093
3212 4670
3213 6241
3214 3998
3215 5849
3217 3374
3221 4596
3225 5725
3227 5003
3229 3942
3230 4449
3233 3761
3239 3448
3239 3569
3239 4366
3241 3886
3241 4348
3252 5283
3252 5805
3253 3273
3254 4013
3255 4253
3255 4397
3256 3422
3258 3770
3259 4629
3260 5243
3261 3633
3263 5122
3263 6240
3269 4207
3270 4730
3271 4225
3271 4257
3272 3692
3275 4549
3276 3329
3277 3591
3278 6320
3279 5830
3279 6193
3281 4285
3283 4843
3284 3561
3285 5074
3289 3356
3289 4822
3293 4160
3295 3514
3295 3598
3300 3669
3301 4074
3301 4666
3303 3469
3304 5609
3305 3910
3305 5262
3308 3520
3310 4992
3310 6035
3312 4045
3313 3492
3315 5988
3318 4487
3320 4686
3321 3606
3324 3888
3324 3970
3327 4656
3330 4368
3330 4769
3331 4011
3332 4020
3334 5720
3337 3873
3338 5522
3339 4342
3339 4668
3341 3952
3342 4908
3343 5147
3345 5164
3348 4711
3348 5210
3349 4976
3350 4242
3351 6093
3353 4208
3355 4034
3356 6081
3357 3624
3360 3441
3360 5813
3361 4123
3363 4859
3370 3793
3370 5909
3376 3631
3376 5823
3377 5011
3378 4746
3379 4059
3379 5028
3383 4407
3385 3576
3385 6395
3387 4081
3387 5009
3387 6237
3390 4710
3395 4664
3397 4946
3398 5429
3405 4323
3406 4088
3408 6171
3409 4871
3410 5036
3410 5106
3410 5615
3411 4037
3411 4458
3411 5463
3413 3715
3413 5541
3414 4724
3416 3670
3416 3831
3417 5015
3421 3743
3422 3883
3422 6070
3423 4910
3424 3797
3425 5208
3427 3466
3427 3575
3430 3432
3431 3696
3432 3653
3433 4205
3435 4619
3436 3668
3436 5043
3437 3585
3437 4848
3437 5098
3439 6016
3440 3811
3441 5305
3441 5668
3442 5006
3444 5956
3446 6121
3447 3517
3447 4401
3450 6160
3452 6265
3454 3655
3460 4915
3461 5630
3463 3958
3465 3870
3466 4889
3467 4498
3468 5961
3469 4593
3469 5224
3471 5610
3473 5768
3475 4472
3476 6067
3477 5157
3478 6129
3482 3932
3484 5698
3485 3626
3485 3801
3486 3859
3486 6318
3488 5030
3489 6220
3491 3648
3492 4728
3492 4814
3492 6086
3494 5029
3496 3794
3497 4754
3497 4819
3498 5510
3499 4684
3507 5342
3509 3726
3509 4804
3511 5660
3513 5195
3516 5874
3516 6014
3518 5057
3522 3612
3522 5277
3522 5335
3523 6176
3524 4414
3524 4536
3525 6156
3527 3539
3528 4644
3532 3547
3532 4319
3532 4674
3532 4821
3532 5392
3533 4360
3533 5962
3535 4514
3535 5455
3542 5014
3550 5202
3551 4689
3553 3654
3553 5930
3554 5717
3555 3563
3560 4129
3562 5649
3562 5730
3562 6268
3564 4054
3564 4206
3568 5758
3570 5744
3572 5290
3573 4952
3574 4051
3574 4481
3574 6224
3577 3988
3578 4217
3582 4779
3584 5801
3586 5046
3586 5108
3587 4082
3587 4639
3591 4623
3592 3813
3592 6012
3595 4282
3598 3775
3598 4429
3598 5116
3599 5503
3601 3819
3603 3946
3607 5828
3608 4289
3612 4936
3614 4317
3616 4522
3616 5883
3617 4071
3620 4228
3622 3745
3623 3818
3624 3881
3625 4855
3626 3965
3628 4137
3631 3968
3633 6142
3634 5285
3634 6023
3635 4678
3638 4136
3643 3718
3643 3906
3645 3709
3645 4288
3649 4178
3653 5632
3657 3990
3659 4659
3659 5669
3661 5974
3662 4626
3662 4912
3667 4022
3667 5101
3670 3909
3673 5053
3678 3699
3679 3729
3680 4651
3682 5278
3685 5735
3687 4325
3689 4455
3690 5461
3690 5763
3690 5897
3690 6295
3691 4060
3691 5341
3695 4261
3696 4676
3697 5869
3698 4606
3698 5638
3699 3879
3701 5364
3701 6140
3702 4065
3703 4150
3704 4167
3705 5516
3706 4406
3706 5267
3706 5562
3707 3851
3708 3937
3709 4582
3710 5723
3711 5158
3714 5176
3714 5606
3714 5694
3714 5769
3715 4153
3719 4564
3719 4809
3719 6018
3720 4955
3721 4489
3721 4665
3721 5566
3723 5842
3730 3732
3730 4050
3730 6309
3730 6366
3734 4737
3736 4580
3737 6102
3738 6194
3739 4743
3739 4811
3740 3983
3740 4187
3741 3806
3742 5301
3747 4031
3747 4230
3747 4565
3748 4284
3749 3880
3753 5239
3755 4064
3767 4159
3767 4463
3767 4663
3767 5721
3768 4119
3769 3848
3775 4524
3776 4755
3776 5418
3777 5142
3778 4997
3780 4170
3782 4529
3784 4837
3787 3959
3787 4384
3796 6179
3800 4734
3800 5474
3801 4021
3802 5476
3802 5652
3808 4297
3809 3933
3809 4832
3810 5345
3811 5870
3812 4152
3815 5178
3817 4669
3817 6208
3824 3900
3829 3980
3829 5400
3836 4260
3840 5052
3840 5171
3841 5472
3847 5092
3849 5661
3856 4331
3859 4354
3863 5924
3877 4723
3881 4751
3883 5099
3885 5362
3887 4873
3887 6356
3888 5115
3889 5084
3893 4176
3896 4204
3898 4192
3898 4784
3907 4166
3907 4864
3910 5044
3911 6011
3915 5318
3916 5358
3917 4880
3919 5543
3920 6333
3923 6065
3925 4128
3926 6369
3927 4759
3931 4947
3935 4295
3935 4768
3939 6043
3940 5182
3944 4968
3946 4162
3950 6034
3951 5235
3952 4254
3953 4620
3954 5133
3956 4292
3956 5657
3960 4561
3960 6114
3962 6214
3966 4435
3967 4653
3970 4457
3974 4279
3975 5745
3976 4010
3977 5162
3978 5221
3979 4954
3981 4980
3982 5467
3982 6175
3984 5488
3985 4098
3986 5179
3987 5826
3988 4839
3991 4680
3993 5439
3994 5339
3996 5693
3999 5658
4005 5148
4006 5833
4007 4017
4009 4018
4012 4193
4012 4459
4015 4989
4018 5481
4021 5310
4024 4334
4025 4367
4025 5117
4026 4375
4027 4533
4040 5049
4044 4753
4054 4464
4054 5094
4057 4741
4058 5396
4060 6239
4066 5437
4066 5550
4070 4262
4073 4200
4076 4801
4077 5073
4078 4219
4078 4630
4079 4786
4079 4930
4079 5478
4079 5596
4081 4087
4081 5413
4082 6084
4083 4931
4085 6051
4092 4324
4093 5319
4095 5398
4102 5846
4102 6063
4108 5904
4110 4264
4116 5832
4118 4647
4119 5332
4123 4600
4123 5190
4123 5861
4124 4456
4127 5010
4127 5960
4129 4617
4132 5580
4135 5902
4138 5140
4139 6316
4142 4738
4143 5872
4145 4691
4146 5025
4146 5535
4147 4183
4150 6388
4153 5228
4154 5198
4156 4447
4156 4658
4164 4959
4176 5336
4177 5227
4179 5588
4183 5462
4183 5662
4186 4273
4186 4568
4191 5820
4192 4417
4193 4764
4199 4982
4202 5452
4207 4875
4208 4277
4215 5465
4216 4283
4221 4349
4225 6167
4229 5045
4229 6101
4231 5357
4233 5393
4233 5713
4236 6328
4241 4984
4248 5346
4250 6217
4253 4372
4256 5803
4261 5847
4262 4382
4265 4518
4265 5884
4266 4567
4271 4528
4272 5594
4273 5818
4278 4869
4278 5509
4278 6286
4282 4339
4291 5376
4291 5951
4293 5435
4294 4636
4298 5126
4299 5298
4301 6274
4302 5039
4303 5088
4305 5421
4311 5570
4311 6225
4312 5646
4315 5544
4318 4555
4318 5188
4321 5711
4321 6105
4322 5512
4322 5635
4323 5645
4328 4850
4333 5344
4333 5527
4335 5835
4336 5794
4346 5916
4347 5120
4347 6326
4350 5575
4350 5664
4351 5644
4352 4828
4354 4739
4361 5676
4364 5114
4366 6124
4367 4967
4368 4471
4369 5970
4381 5016
4384 6283
4384 6352
4385 5726
4387 5440
4387 5447
4387 5952
4398 5854
4405 5082
4407 5639
4407 6293
4408 5702
4408 6243
4413 4933
4420 4631
4424 6109
4426 5605
4430 5739
4431 5411
4434 4761
4436 4543
4441 5186
4443 4632
4447 6172
4448 4681
4450 5502
4454 4834
4457 4667
4457 5568
4459 6068
4460 5296
4460 5804
4468 6128
4469 5064
4475 5330
4476 5663
4479 4841
4480 4703
4480 5528
4482 4712
4491 5710
4495 5051
4495 5908
4495 6201
4497 5892
4497 6145
4507 5280
4512 5354
4513 4535
4517 6251
4521 6020
4522 4679
4523 6386
4528 5264
4528 5524
4529 6150
4535 4800
4535 6278
4538 6205
4543 5177
4545 5118
4548 6019
4550 4641
4551 5852
4556 4846
4557 6199
4559 5432
4564 6139
4564 6158
4566 5410
4568 4612
4570 5304
4572 5746
4578 6131
4583 5037
4586 5992
4598 6044
4604 6189
4605 6037
4612 4868
4612 5967
4617 5624
4619 5855
4625 5878
4626 5422
4628 5349
4629 6024
4632 5966
4632 6098
4636 5601
4637 4662
4637 5409
4637 6245
4643 5572
4645 5189
4655 4897
4655 6399
4659 5789
4666 5403
4667 5770
4669 5291
4670 5867
4677 5893
4677 5917
4678 5375
4679 4696
4685 4835
4697 5599
4698 5018
4699 5244
4701 4790
4703 5374
4707 6164
4714 6122
4717 5096
4719 5831
4721 5343
4722 6392
4727 4934
4730 4920
4737 5328
4738 5419
4743 5868
4746 6173
4747 5984
4749 5670
4754 5337
4754 5655
4757 5806
4762 5875
4763 6132
4764 6113
4765 5312
4765 5699
4766 4796
4766 5531
4768 5785
4769 5213
4771 5132
4771 6248
4782 6087
4782 6166
4788 5860
4791 6192
4794 5925
4799 4827
4802 5981
4803 5521
4803 6229
4805 5480
4810 6319
4812 5001
4821 5232
4821 5380
4827 5286
4828 5004
4840 4878
4849 4995
4871 5546
4872 5370
4879 5690
4881 5824
4881 6143
4889 5573
4890 5548
4894 5119
4896 6301
4898 6104
4900 5378
4900 5750
4903 4913
4910 6017
4914 6389
4916 5515
4917 5146
4931 5175
4932 6228
4935 5161
4939 5672
4939 6123
4942 6297
4950 6195
4952 6322
4956 5395
4956 6233
4957 5982
4958 5898
4961 5131
4967 5443
4970 5384
4973 5450
4974 5433
4975 5704
4981 6218
4986 6303
4987 6312
4991 5797
4996 6287
5008 5856
5010 6387
5015 6377
5023 5270
5024 6263
5033 5054
5042 5199
5044 6330
5048 5129
5048 5449
5051 5859
5051 6302
5052 5104
5057 6232
5061 6197
5062 5100
5062 5405
5064 5684
5066 5556
5069 5886
5074 5313
5081 6053
5081 6085
5084 5415
5092 5327
5093 5742
5093 5790
5095 5533
5101 5936
5101 5978
5105 5809
5115 6127
5116 6230
5117 5767
5124 5458
5125 5947
5130 5737
5135 5989
5139 5779
5150 5628
5164 5491
5167 5918
5168 6344
5172 5949
5177 5324
5179 6103
5184 5203
5186 5681
5187 5911
5195 6338
5202 5399
5223 6341
5226 6349
5230 5939
5231 5287
5239 5969
5249 5567
5249 5618
5257 5945
5265 5545
5269 5738
5270 5623
5271 5754
5279 5834
5284 5493
5307 5616
5310 5764
5323 6261
5324 6148
5332 6307
5334 5788
5351 6380
5354 6209
5360 6080
5363 5808
5366 5851
5367 5558
5391 6100
5394 5782
5394 6314
5399 6116
5404 6262
5408 5675
5413 5695
5413 6039
5415 5417
5430 5706
5430 5749
5434 6117
5435 6110
5445 5997
5445 6235
5448 6136
5449 5554
5455 5621
5463 5731
5471 6001
5472 5885
5475 5728
5479 5513
5495 5995
5498 5905
5501 6223
5507 6231
5510 5602
5519 5722
5527 6364
5531 5798
5541 6213
5558 6125
5567 6204
5572 6088
5573 6072
5575 6317
5585 6008
5586 5825
5587 5837
5589 6157
5598 5802
5602 5954
5603 5799
5619 6042
5625 6332
5634 5740
5686 6058
5691 5977
5702 5781
5707 5873
5715 5990
5715 6147
5721 6337
5740 6064
5755 6029
5756 6187
5769 5899
5776 6256
5783 6118
5789 6006
5792 6291
5808 5931
5809 6170
5812 6384
5818 6057
5818 6144
5824 6188
5849 5914
5851 6279
5869 6273
5880 5950
5882 6120
5907 6272
5909 5923
5917 6130
5936 5942
5957 6359
5960 6055
5963 6292
5969 6252
5992 6190
5993 6178
5994 6331
6002 6394
6007 6250
6015 6267
6016 6255
6024 6270
6050 6106
6083 6348
6089 6092
6093 6111
6101 6334
6112 6242
6135 6304
6135 6342
6169 6368
6171 6365
6206 6383
6218 6351
6223 6357
6225 6315
6244 6264
6261 6285
6303 6350
6338 6343
