0 1
0 2
0 21
0 31
0 91
0 498
0 682
1 3
1 35
1 38
1 124
1 441
2 4
2 8
2 9
2 11
2 33
2 290
3 13
3 18
3 74
3 151
4 5
4 6
4 7
4 12
4 15
4 43
5 17
5 100
6 14
6 20
6 48
6 395
7 10
7 23
7 24
7 96
8 212
8 337
8 382
8 509
9 197
9 741
10 22
10 52
10 111
10 173
10 281
11 59
11 322
12 16
12 19
12 58
12 70
12 166
12 367
13 78
13 117
14 137
14 748
15 27
15 32
15 437
16 28
16 103
17 29
17 88
17 102
17 347
18 69
18 185
18 306
18 493
18 725
19 42
19 61
19 65
19 87
19 120
19 149
19 163
20 81
20 620
21 45
21 63
21 158
21 210
21 268
21 776
22 25
22 82
22 636
23 34
23 528
24 172
24 192
24 233
25 26
25 30
25 37
25 44
25 135
25 143
25 355
25 375
26 54
26 68
26 300
26 312
27 132
27 171
27 257
27 389
27 518
28 72
28 196
28 253
30 71
30 79
30 97
30 98
31 50
31 128
31 148
31 184
31 295
31 775
32 36
32 358
32 449
33 77
33 291
33 423
34 93
34 344
35 39
35 57
35 198
35 236
35 249
35 271
35 716
35 762
36 40
36 62
36 66
36 142
37 41
37 218
37 794
38 46
38 106
39 105
39 157
39 321
39 535
40 615
41 53
42 49
42 60
42 783
43 90
43 621
44 47
44 51
44 140
44 674
45 73
45 242
45 260
46 55
46 80
46 152
46 275
46 386
46 447
46 718
47 243
47 592
48 83
48 134
48 195
48 325
48 565
49 56
49 127
49 272
49 284
49 676
50 201
51 133
51 138
52 109
52 248
52 648
53 67
53 377
54 64
54 141
54 627
54 734
55 464
56 89
56 113
56 438
58 129
58 598
59 76
59 92
59 376
59 418
59 638
60 436
60 511
61 110
61 159
61 691
62 122
62 240
62 425
62 659
63 223
63 578
63 745
64 610
65 131
65 187
66 529
66 635
67 190
67 428
67 456
68 220
68 288
69 145
70 213
70 269
71 155
72 101
72 144
73 75
73 94
73 147
74 84
74 302
74 733
75 146
75 354
76 304
76 390
76 750
77 457
78 296
78 476
78 570
79 86
79 466
80 657
81 160
81 168
81 188
81 364
82 85
82 458
83 301
84 107
84 112
84 183
84 584
84 724
84 752
85 186
85 219
85 612
85 622
85 759
86 136
86 205
87 385
88 181
88 193
89 114
89 413
90 202
90 266
90 363
91 178
91 670
92 121
92 246
92 380
92 661
93 368
94 95
96 99
96 104
96 553
96 712
97 150
97 265
98 115
98 211
98 250
99 116
100 139
100 203
100 309
101 287
101 303
101 340
102 335
102 454
103 602
103 679
105 154
106 108
107 206
108 123
108 444
109 349
109 597
110 118
110 461
110 654
111 182
111 230
111 406
111 451
111 573
112 125
112 126
112 379
112 398
113 119
113 226
113 244
113 667
115 194
117 450
117 534
118 330
118 392
118 673
119 299
120 525
121 130
121 169
121 191
123 207
123 771
124 318
124 372
125 231
125 520
125 600
125 790
127 283
129 262
129 543
130 164
131 156
131 170
133 162
133 252
134 180
134 440
134 562
139 177
139 204
140 410
141 167
141 764
142 161
142 336
142 542
142 559
143 179
143 297
143 329
146 311
147 153
148 239
148 394
148 477
148 517
149 222
149 237
149 314
149 658
150 388
150 606
151 241
152 331
152 722
153 221
153 500
154 175
154 391
154 473
154 558
155 208
155 479
156 345
156 403
157 405
157 539
158 514
159 165
159 215
159 362
159 383
160 411
161 274
161 307
161 443
161 445
161 524
161 608
161 747
162 234
162 238
162 255
165 174
165 278
167 176
167 421
167 575
169 666
171 462
173 214
173 251
173 308
175 199
175 216
175 369
175 695
176 227
177 332
177 533
177 709
177 798
178 189
178 455
178 474
178 506
178 706
179 200
179 247
179 603
180 267
181 371
182 526
183 631
184 453
186 217
187 352
189 416
190 245
190 256
191 209
191 289
191 487
194 378
196 224
196 334
197 468
197 505
198 512
199 264
199 412
199 486
200 232
200 502
202 585
203 258
203 270
203 276
204 343
205 327
206 280
207 277
207 424
210 435
212 711
213 261
213 740
215 235
215 599
216 356
217 225
217 228
217 373
217 402
218 313
222 693
223 607
223 634
224 254
224 420
226 286
227 753
228 229
229 497
231 549
235 786
236 357
237 469
237 683
238 348
238 350
239 263
239 671
240 460
242 489
243 361
243 483
246 399
247 319
248 305
248 320
248 619
250 721
251 293
251 470
252 442
252 779
253 259
253 727
254 285
255 459
257 605
258 433
258 467
259 642
259 738
260 374
261 294
261 448
262 541
262 757
263 370
263 577
264 601
265 527
265 690
266 590
268 381
269 279
269 414
269 692
270 273
270 333
270 353
271 523
272 773
273 282
273 758
274 323
274 604
275 544
276 326
276 387
276 422
276 563
278 292
278 328
279 547
283 480
284 298
284 568
285 310
285 317
285 471
285 694
286 538
292 316
293 665
294 556
298 315
298 617
299 430
299 720
302 672
303 359
305 341
306 663
308 478
311 338
312 396
313 595
313 624
315 490
316 564
320 346
321 339
321 365
321 787
322 324
322 432
324 521
326 393
330 684
331 342
333 384
333 788
334 680
336 492
336 756
339 452
339 484
340 530
341 770
342 519
343 400
344 504
345 546
345 571
346 633
347 351
347 494
348 463
349 415
349 768
350 360
350 616
350 678
352 407
352 557
352 699
353 397
354 614
356 536
358 446
363 589
364 366
364 594
365 545
368 409
369 419
369 574
369 681
370 761
372 408
372 417
372 540
374 429
374 686
374 730
374 769
377 404
378 434
378 491
386 555
388 485
389 719
390 797
391 707
392 401
393 501
396 431
396 475
397 537
397 550
397 662
399 427
399 439
403 532
404 581
404 743
405 583
407 763
410 677
413 426
413 697
416 732
418 713
419 579
420 472
422 510
422 651
423 628
426 482
426 516
431 609
434 766
436 777
438 649
439 708
442 640
443 465
443 754
447 522
448 591
448 639
449 715
450 698
454 481
454 795
455 729
456 507
456 632
457 488
459 645
460 567
461 655
463 551
463 650
464 508
464 582
467 703
467 755
469 588
472 495
473 531
476 701
480 618
481 503
482 710
483 554
488 496
488 647
489 629
490 499
491 560
495 731
495 781
498 625
500 587
503 700
504 646
506 515
506 630
507 513
509 613
510 580
510 586
511 739
514 611
514 780
515 735
517 675
518 696
520 626
522 548
523 688
527 744
529 566
532 643
537 656
544 664
547 552
547 561
547 717
548 572
548 669
550 569
551 774
557 702
563 742
564 623
567 576
568 652
575 685
578 687
583 593
585 660
588 737
589 596
598 765
601 641
602 772
604 668
606 792
609 767
619 653
624 751
629 689
635 637
641 644
644 704
651 796
656 746
663 789
665 728
672 723
673 778
695 760
697 705
700 726
701 736
707 714
730 785
733 749
741 791
746 784
755 799
769 793
780 782
