0 110
1 176
4 87
8 68
8 87
9 184
12 21
12 49
13 155
14 142
15 69
20 60
20 84
25 84
26 60
26 179
27 159
28 75
28 79
30 72
30 158
32 98
33 144
36 41
37 58
38 79
38 190
39 66
40 168
41 73
41 120
47 140
48 122
49 57
49 164
51 143
53 93
53 198
56 118
59 114
59 149
61 175
61 179
61 184
63 147
70 139
71 181
77 95
83 84
84 124
84 196
85 177
85 194
86 121
86 197
88 108
90 155
92 107
97 146
101 120
101 147
110 138
110 164
115 119
116 122
118 141
120 160
122 198
123 130
123 163
129 132
129 155
129 186
130 176
135 158
137 145
137 146
137 165
138 143
144 189
149 158
153 160
155 176
187 195
