0 1
0 2
0 6
0 14
0 33
0 45
0 80
0 105
1 4
1 17
1 66
1 129
1 222
1 672
1 985
1 1407
1 2097
2 3
2 12
2 48
2 82
2 275
2 357
3 106
3 111
3 265
4 5
4 7
4 8
4 24
4 1116
5 10
5 22
5 23
5 136
5 1264
5 2064
5 2106
6 9
6 13
6 150
7 28
7 117
7 139
7 310
7 379
8 11
8 15
8 19
8 31
8 53
8 128
8 223
8 320
8 353
8 481
8 1554
8 1751
8 3015
9 27
9 112
9 792
9 982
9 1086
9 1722
10 54
10 57
10 76
10 295
10 417
10 520
10 822
10 2888
11 302
11 1695
12 79
12 127
12 718
12 2470
13 20
13 41
13 60
13 155
13 362
13 857
13 2255
13 2776
14 32
14 170
14 1024
14 1484
15 16
15 29
15 39
15 1184
15 1343
16 26
16 96
16 149
16 285
16 287
17 18
17 21
17 43
17 74
17 84
17 244
17 279
17 309
17 588
17 723
17 734
18 125
18 154
18 160
18 483
18 499
19 25
19 36
19 510
20 30
20 40
20 46
20 97
20 137
20 1477
21 204
21 735
21 2017
21 2779
22 49
22 344
22 646
23 126
23 1094
23 1915
24 256
24 2084
25 85
25 226
25 410
25 556
25 557
25 823
25 1353
25 2303
26 38
26 436
27 34
27 37
27 67
27 151
27 2867
28 44
28 115
28 176
28 1319
29 61
29 64
29 93
29 161
29 202
29 376
29 606
29 732
29 1361
30 35
30 47
30 58
30 63
30 78
30 190
30 231
30 315
30 356
30 1004
30 1867
31 42
31 138
31 517
32 62
32 296
32 518
32 727
32 942
32 980
32 1416
33 55
33 68
33 507
33 1165
33 1677
33 2369
34 804
35 532
35 2439
36 52
36 88
36 92
36 434
36 531
36 1333
36 2739
37 73
37 321
37 915
37 1659
37 2285
37 2503
38 306
38 430
38 811
38 2747
39 77
39 187
39 290
39 452
39 592
39 749
39 1046
39 2327
39 2384
39 2385
40 56
40 120
40 212
40 263
40 428
40 613
40 774
40 780
40 1963
41 99
41 130
41 144
41 167
41 175
41 424
41 568
41 1123
41 1288
41 1308
41 2656
42 352
42 599
42 1039
42 2282
43 51
43 91
43 230
43 307
43 308
43 1786
43 2221
44 65
44 1291
44 1782
44 2534
45 50
45 70
45 94
45 777
45 1113
45 2652
46 114
46 116
46 168
46 1734
47 83
47 104
47 1794
48 251
48 728
49 59
49 86
49 229
49 550
50 89
50 210
50 384
50 2146
50 2580
51 198
51 381
51 427
51 542
51 595
52 90
52 294
52 610
52 620
52 862
53 255
53 318
53 576
53 2147
54 69
54 277
54 388
54 1613
55 184
55 359
55 404
55 605
55 1472
56 72
56 87
56 1783
58 71
58 110
58 387
58 1350
58 2101
59 181
59 2175
60 1638
60 2078
61 118
61 2127
61 2798
63 645
63 1075
63 1298
64 343
64 403
64 883
64 2568
65 95
65 98
65 169
65 385
65 589
66 166
66 695
66 1118
67 75
68 101
68 109
68 133
68 1190
68 2350
69 281
69 1738
70 1003
71 2152
71 2189
72 254
72 821
72 1026
72 1208
72 2805
73 164
73 195
73 846
73 1032
74 165
74 450
74 458
74 2235
75 123
75 1609
76 108
77 298
77 460
77 2782
78 81
78 152
78 173
78 209
78 259
78 2613
79 191
79 197
80 1930
81 3163
82 100
82 453
82 2314
83 354
84 102
84 208
84 635
85 113
85 879
85 1729
86 132
86 207
86 372
86 431
86 1031
86 1197
87 172
87 690
87 2789
88 131
88 878
89 262
89 621
89 893
89 2820
90 135
90 153
90 171
90 334
90 446
90 2540
91 134
91 189
91 224
91 775
91 1229
92 122
92 365
92 711
92 1270
92 1608
93 257
93 374
93 597
93 1686
94 107
94 422
94 490
94 941
95 853
95 2069
95 2207
95 2527
96 143
96 654
96 2297
97 142
97 395
98 156
98 183
98 844
98 1045
99 182
100 148
100 215
100 1176
100 2898
101 831
101 917
101 1305
102 103
102 219
102 278
103 124
103 141
103 566
103 795
103 2360
104 506
104 2250
104 2861
105 203
105 572
105 1771
105 2081
106 338
106 473
106 489
106 614
106 1129
106 1796
107 260
107 269
107 994
108 145
108 174
108 377
108 607
108 624
108 1371
108 2050
108 2232
109 159
109 261
109 632
109 849
109 1136
109 3179
110 158
110 443
110 918
110 1670
111 800
112 370
112 739
112 1348
113 1994
114 201
114 419
115 211
115 341
115 984
115 1716
116 3188
117 119
117 249
117 348
117 363
117 504
117 509
118 712
119 121
119 527
120 866
121 200
121 922
121 1239
122 196
122 548
122 1030
122 1225
124 221
124 463
124 666
124 1458
124 1485
124 2754
125 394
125 773
125 1360
126 347
126 1164
127 529
127 1355
127 2649
127 2874
128 284
128 350
128 929
128 1232
129 673
129 2067
130 188
130 225
130 274
130 1736
131 445
131 571
131 954
131 1068
132 185
132 1922
133 157
133 784
133 1581
133 2957
134 324
135 674
136 146
136 192
136 266
136 297
136 313
136 412
136 809
136 916
137 140
137 375
138 147
138 325
138 455
138 549
138 993
138 1272
139 303
139 312
139 2197
140 272
140 1330
141 162
141 319
141 584
141 848
141 1593
141 1656
141 1840
142 870
142 1338
142 1400
143 336
143 1563
143 2287
144 235
144 351
144 577
144 2744
145 725
146 236
146 330
146 1801
147 220
147 258
147 2335
148 997
148 2742
148 2948
149 2173
150 794
150 1375
150 1631
151 1339
151 2882
152 216
152 623
152 700
153 178
153 304
153 468
153 2274
154 339
154 1021
154 1287
154 1410
154 2236
155 288
155 959
156 193
156 314
156 547
156 702
157 2209
158 163
158 218
158 300
158 2635
159 731
161 199
161 1568
161 1889
162 180
162 206
162 2188
163 706
163 1138
163 2518
165 827
165 828
165 2305
166 177
167 1697
168 239
168 420
168 1302
168 1601
169 237
169 414
169 628
170 1069
170 1908
171 241
171 1196
171 2177
172 243
172 1844
172 2110
172 2772
174 976
174 2085
175 240
175 812
176 283
176 604
177 461
177 629
177 2999
178 179
178 2150
178 2530
179 368
180 806
180 854
180 1533
180 1585
180 1826
180 1895
181 426
181 652
181 1043
182 282
183 270
183 683
183 687
183 880
183 1417
184 558
184 755
184 2564
185 186
185 228
185 248
185 2012
186 435
186 2795
188 349
188 2864
189 242
190 292
190 530
191 205
191 227
191 1282
191 1352
192 194
193 291
193 405
193 816
193 1299
193 1627
194 2070
195 1567
195 2481
195 2729
195 2900
196 750
196 826
196 1725
196 1757
197 268
197 457
197 1080
197 2937
198 449
198 910
198 989
198 1240
199 213
199 323
199 491
199 1454
200 238
200 397
200 751
200 1345
201 293
201 888
201 1809
202 214
202 327
202 501
202 535
202 835
202 1066
202 1205
202 1367
202 1862
203 234
203 289
203 456
203 554
203 1910
203 3134
204 232
204 346
204 472
204 487
204 684
205 399
205 465
205 730
205 3043
206 643
206 744
206 886
206 1542
206 2775
207 332
207 908
208 1022
209 691
210 253
210 273
210 967
210 1941
210 2681
212 651
212 2251
214 246
214 276
214 317
214 401
215 217
215 661
215 1284
215 1740
215 1980
216 409
216 563
216 1918
217 873
217 1425
217 2185
218 233
218 326
218 367
219 386
219 694
219 1621
220 938
220 1223
220 1228
220 1468
221 267
221 524
221 912
221 1130
222 1461
223 697
224 286
224 316
224 644
224 1519
225 1262
226 818
226 1698
227 1133
228 658
228 825
228 1206
228 1833
229 245
229 523
229 1040
230 299
230 641
230 885
231 677
231 1501
231 1584
231 2257
233 1752
234 340
235 1700
235 2057
236 791
236 2614
237 760
238 539
238 2516
238 2894
239 2653
240 382
240 3119
241 486
241 1795
241 2164
241 2348
241 2365
242 247
242 305
242 495
242 799
244 602
244 648
244 875
245 833
246 250
246 329
246 335
246 342
246 369
246 1023
246 1490
247 311
247 748
247 1332
247 1452
247 2140
247 3059
248 407
248 541
248 900
249 649
249 2134
249 2366
250 252
250 333
250 2780
251 1025
252 271
252 689
252 1780
252 2011
253 567
253 740
254 1401
255 451
255 995
257 264
258 961
258 987
258 1310
259 416
259 688
259 1125
259 2585
260 497
260 1426
261 552
261 796
261 877
261 1065
262 1466
263 364
264 280
264 301
264 1044
264 1073
264 1121
264 1869
264 2163
265 466
265 2441
266 761
266 3037
267 433
267 521
267 608
267 1085
267 1495
267 3140
268 442
268 1390
268 2206
269 508
269 1435
269 2589
269 3180
271 378
271 392
271 429
271 983
271 1114
272 540
272 611
272 692
272 707
272 708
272 1289
272 1683
272 2752
273 593
273 1010
275 2267
276 331
276 2044
276 2690
277 500
277 2528
278 564
278 705
279 1151
279 1662
279 2731
281 754
281 1276
282 745
282 992
283 408
283 477
284 696
284 1442
284 1572
285 757
285 1057
285 1492
287 423
287 498
287 1089
288 1964
289 637
289 770
290 411
290 769
290 970
290 1706
291 418
291 1012
291 1341
291 1617
292 479
292 934
292 1669
293 513
293 2389
295 1144
295 1769
296 390
296 470
296 1269
297 1293
299 544
299 1347
300 574
300 1906
300 2300
300 2610
301 1731
301 2834
302 1182
302 3176
303 415
304 432
306 622
306 2153
306 2611
307 591
307 988
307 2395
308 328
308 639
308 996
308 1841
308 3088
309 322
309 469
310 345
310 393
310 484
310 601
310 678
310 904
310 926
310 1334
311 586
311 685
312 337
312 737
312 807
315 1283
315 2663
316 444
316 1014
316 1778
316 2741
317 868
317 1132
317 1537
318 729
318 2191
319 1047
319 1383
319 2049
320 406
322 765
322 981
322 2787
323 585
324 391
324 1432
325 413
325 462
325 615
325 634
325 2688
326 719
326 1037
326 2424
327 425
327 1336
327 3009
328 618
328 2664
329 902
329 1397
330 2080
331 383
331 493
331 860
331 1062
331 1672
332 590
332 681
332 863
332 1455
332 2417
333 441
333 600
333 1231
333 2496
334 1701
335 360
335 1594
335 2666
336 358
336 389
336 482
336 1189
336 2468
339 560
339 1482
339 3008
340 899
340 2925
341 371
341 660
342 580
342 931
343 355
343 722
343 850
344 1309
344 2178
344 2842
345 717
345 1574
345 1702
346 726
346 1370
346 2319
347 2056
348 396
348 555
350 373
350 874
350 1934
351 838
352 361
352 1735
352 3035
354 676
354 872
354 1644
355 366
355 1210
355 1254
356 1515
358 815
358 895
359 820
359 1063
359 1072
360 1201
361 402
361 478
361 1770
361 2201
362 1218
363 733
364 952
365 398
365 1071
366 551
366 1234
366 2065
366 2277
366 2443
366 2745
367 448
367 503
367 2194
367 2532
369 665
370 485
370 570
370 991
370 1358
371 1860
372 2682
373 380
373 598
374 421
374 583
374 971
374 1447
375 1290
376 438
376 440
376 787
376 896
376 2256
377 928
378 714
378 1259
379 914
379 1582
379 1741
379 2045
380 1051
380 1053
380 1169
382 534
382 609
382 803
382 1285
382 2230
384 2596
385 464
385 1166
386 512
386 882
386 905
386 2467
387 553
387 578
387 783
387 1342
388 653
388 786
389 948
391 636
391 1019
391 1836
392 619
392 1067
392 1362
392 2990
393 400
393 516
393 522
395 1645
396 439
396 562
396 736
396 834
396 1049
396 1504
398 864
398 1095
399 2471
400 1473
400 1514
401 743
402 865
402 2543
403 3072
404 475
404 861
404 891
405 459
405 927
405 2616
406 612
406 2913
407 990
407 2016
407 2203
408 679
408 869
409 1924
409 3155
410 762
410 951
411 817
411 1446
411 2041
412 494
412 2748
414 519
414 2487
415 437
415 1834
415 2967
416 496
416 1241
416 1763
416 1812
416 2619
417 2407
419 1149
419 1952
420 715
420 1378
421 701
421 1516
421 2062
422 1745
422 1933
422 2184
423 454
423 657
423 2446
423 2617
424 1818
424 2286
427 1250
427 1547
428 1402
428 1764
429 575
429 2623
431 579
431 2388
432 686
433 546
433 771
436 447
436 781
436 1854
437 1340
437 2352
438 474
438 1195
438 2302
441 467
441 471
442 514
442 581
442 2033
443 1011
443 3117
444 1119
445 659
445 913
445 1846
446 667
446 1076
446 2295
447 594
447 903
447 924
447 1198
447 1489
448 492
448 704
448 746
448 1377
449 596
450 2312
451 502
451 625
452 680
452 921
452 2087
452 2162
452 2296
454 511
454 936
454 1579
454 2970
455 476
455 1137
455 2598
456 1186
457 2048
459 538
459 763
459 1813
459 2374
460 920
461 699
461 2425
462 1481
463 1329
463 1366
463 3027
464 671
464 1029
465 2155
466 2427
467 1246
468 1646
468 2079
468 2812
470 1726
471 480
471 1016
471 1056
471 1199
471 1444
472 525
472 2270
473 1249
473 3054
474 1081
474 2336
475 488
475 1238
475 2226
477 1300
478 753
479 533
479 1261
480 528
480 1017
480 2587
480 2963
482 946
483 515
483 617
483 797
483 2536
484 1251
485 2699
486 2063
487 565
487 1265
488 526
488 670
488 713
488 1589
488 1815
489 709
489 1598
490 536
490 1415
490 1679
490 2724
491 852
491 937
491 1096
493 573
493 664
493 2381
495 1178
495 2863
498 675
498 2322
498 3051
499 1369
499 2372
501 839
502 505
503 537
503 747
503 1965
504 1388
505 640
505 650
505 788
506 1194
506 2538
506 3137
507 1193
508 1571
508 1798
509 1268
509 2117
509 3157
510 956
510 1256
511 1312
512 2411
513 1295
513 2329
515 974
515 1961
516 986
517 1155
517 1636
518 3136
519 768
519 2167
519 3099
520 569
520 2950
521 627
521 2793
522 772
523 840
523 1200
525 3118
526 698
526 1079
527 582
527 766
527 960
528 2499
530 1038
531 3126
532 543
532 1878
533 559
534 2204
534 2506
535 1379
535 1479
535 2683
537 3094
539 2513
540 2136
540 2143
541 545
541 1087
542 668
542 682
542 1901
543 789
543 1054
544 2563
544 2961
545 716
546 1020
546 2121
547 776
547 887
547 894
547 2733
549 561
549 999
549 1464
552 2464
553 2639
553 2839
554 642
554 1408
554 1597
555 819
556 1163
557 587
557 1829
557 2721
558 1124
558 1384
559 1893
560 1431
561 631
561 1297
561 1628
562 1566
562 1622
562 3068
563 966
564 758
565 782
565 939
566 1013
568 1313
568 2884
569 2355
571 662
572 2342
573 626
573 2107
573 3029
574 1042
574 2059
575 943
576 3132
578 638
578 945
578 1973
579 1448
580 841
580 1247
581 1181
581 2935
582 940
582 1304
582 1382
582 2166
582 2672
583 669
583 1588
584 720
584 2827
584 2875
585 1748
586 923
586 1459
586 2055
587 1467
590 1359
591 1817
591 2551
592 603
593 616
593 2442
593 2675
594 1135
594 1143
595 767
595 1059
595 1692
596 1917
596 2665
596 2938
597 949
597 962
597 1156
597 1742
598 2755
599 2620
600 1460
601 633
603 814
603 1274
605 647
605 1892
607 1630
608 1708
608 2180
609 785
610 1185
611 2409
612 1084
612 1718
614 859
614 1162
615 2794
616 1005
617 1569
618 1499
619 1997
621 1882
621 2368
622 2315
622 2659
624 764
624 1301
624 2158
625 630
625 1657
626 3192
627 1242
628 710
628 1394
629 802
630 1604
632 1212
633 798
635 2426
638 655
638 1821
639 856
639 919
639 955
639 1536
639 3021
640 663
640 1111
640 1497
641 1652
642 1421
643 656
643 2456
644 2099
645 830
645 2734
646 2416
647 1523
647 2764
648 1463
649 1141
649 1947
651 1327
651 1522
652 810
652 2992
653 911
653 1142
654 2008
655 752
655 1213
655 3085
656 1159
656 1385
657 1535
657 1810
657 2378
658 845
658 1115
658 2917
660 1768
663 1077
663 1449
664 3093
665 693
666 1106
666 1267
666 1275
666 1667
666 2216
667 721
667 2429
667 2997
668 1034
668 1916
670 1028
670 2719
671 933
671 2482
672 1248
673 2846
674 703
675 1237
675 2346
676 808
676 1437
677 907
678 1093
679 724
679 972
679 1376
680 742
680 1707
681 958
681 1170
681 2310
681 2394
683 1001
683 1890
683 2783
685 778
685 1263
685 1668
686 1633
686 3003
687 1728
687 2317
687 2345
688 801
688 930
688 2347
689 2607
691 1976
692 2473
692 2781
693 847
693 906
693 1127
693 1876
693 2283
694 1545
695 759
695 1152
695 2525
696 2869
697 843
697 1315
698 2572
699 1273
699 1767
699 2853
699 2991
700 925
701 824
701 1103
701 1583
701 2535
701 3071
702 1368
702 2436
704 2205
705 963
705 998
705 2218
706 932
706 1395
709 1387
709 2288
710 965
710 3159
712 1912
713 2866
714 1637
714 2004
715 738
715 867
715 1838
715 1978
716 813
718 2858
719 790
720 1775
720 2701
721 2777
722 1614
722 2826
723 2484
723 2890
725 1641
726 1033
728 935
729 756
729 2702
730 1753
731 1712
733 805
733 2449
734 1424
734 1660
735 741
735 2217
737 901
738 1153
738 1440
739 889
739 957
740 1128
741 1750
742 1158
743 1157
744 1167
745 1664
745 2289
747 909
747 3062
748 2498
750 1324
751 898
752 881
752 3089
753 842
754 855
754 1154
754 2367
754 2576
756 1865
757 1995
757 2331
758 1255
758 1428
758 2115
758 2239
759 779
759 2838
760 3152
762 1749
762 2227
762 3011
763 2052
764 1102
764 2353
766 1134
766 1219
768 1202
768 2428
769 851
770 1112
770 1226
771 1419
771 2847
772 2612
773 1222
773 1847
774 2974
776 793
777 973
777 1078
778 1788
779 3092
780 832
780 1553
781 892
781 2581
782 837
782 1002
782 1108
783 1296
783 1418
784 2889
785 2952
786 1831
789 836
789 1508
790 2477
790 2933
791 2802
792 2053
793 1517
793 3041
795 884
795 2472
795 2500
796 1724
796 2393
796 3091
797 1331
797 1620
797 1774
799 2621
799 2843
801 1605
801 2219
802 829
802 1575
802 3084
804 871
804 2448
805 1760
806 876
806 1179
808 2419
809 2799
810 1015
811 953
812 2093
812 2760
815 1610
816 1693
816 1969
816 3075
817 858
818 1475
818 1534
818 1981
820 968
820 1391
820 3193
821 1180
822 1009
822 1160
823 1007
823 2174
825 1357
826 1900
826 2126
829 1188
829 1224
829 2404
830 1109
830 2577
831 1949
832 1082
833 1623
834 1048
834 1518
836 1220
836 1486
838 1396
838 2005
838 2915
839 1363
839 3198
840 1091
840 1147
840 1691
841 1243
842 1649
843 890
844 1041
844 3187
846 1055
846 1820
846 2120
847 1083
848 1060
849 944
849 1191
849 1398
850 1541
850 2685
851 975
851 1064
852 2562
855 1888
857 1907
858 2892
859 1183
860 1453
860 2075
860 2214
862 1140
862 1842
863 1286
863 2039
864 1870
865 1513
866 1244
867 2461
868 1897
868 2071
868 2785
869 1959
869 2046
869 2707
870 1280
870 1793
871 1639
871 1946
872 1405
872 2771
875 1921
875 2969
877 2003
878 1411
878 2921
879 897
879 1321
883 1211
884 950
884 1891
887 1929
887 1982
888 1006
888 1161
888 1433
888 1799
888 2624
891 1923
891 3154
892 947
894 1505
896 1852
897 1000
897 1052
897 1230
897 3055
898 2908
900 2040
902 1036
904 1857
906 1126
906 2138
906 2213
908 1172
909 979
909 1139
909 1704
909 3133
910 1510
910 1673
910 2077
912 977
912 1713
912 1824
915 1445
915 2927
915 3023
916 1412
916 1868
917 2157
918 1090
919 1904
920 2930
921 1850
922 1104
924 2028
924 3170
926 969
927 1008
927 1337
928 2591
928 3050
929 1937
930 1101
930 1552
930 1602
930 1803
931 3056
933 1107
934 1050
936 1027
936 1856
938 1739
941 1556
942 1863
943 1616
943 1711
943 2357
944 1476
944 1710
944 1717
944 3183
945 2829
945 2956
946 1098
946 1503
946 1873
947 1987
948 2891
949 964
949 2119
951 1311
951 2196
952 1480
952 2269
954 1703
956 1478
956 2299
958 1364
960 2292
963 1666
963 1948
963 1954
964 978
965 2452
966 2113
967 1823
967 2694
969 1168
969 1171
970 2000
970 2628
972 1187
972 1252
973 1323
973 1754
973 2845
974 1209
974 2010
974 2825
979 1789
979 2333
981 1110
983 1105
983 2550
984 1221
985 2526
985 2919
986 1174
986 1925
986 2791
988 1035
988 1070
988 1258
989 2013
989 2169
990 1861
993 1626
993 2095
993 2929
995 1393
995 1853
995 3047
996 1257
999 1688
1001 1097
1001 1204
1002 1260
1003 1381
1003 2338
1003 2698
1004 1827
1005 2440
1005 2524
1006 1216
1006 1595
1008 1653
1009 1214
1009 1654
1009 2718
1010 1177
1010 2362
1011 1018
1014 1346
1014 1558
1016 1494
1017 2951
1018 1058
1018 1175
1018 1344
1018 1926
1019 2313
1021 2105
1021 2668
1022 2047
1025 1721
1026 1148
1026 2082
1027 1732
1029 1192
1031 1061
1032 2294
1034 1088
1034 1253
1034 1632
1034 2432
1035 1356
1037 1317
1037 1943
1038 2504
1039 1374
1040 1314
1042 1409
1043 1074
1043 1705
1043 1714
1044 2766
1045 3070
1047 2813
1049 1931
1049 3146
1051 2061
1051 2807
1052 1538
1052 2658
1053 2308
1053 2942
1054 3120
1055 1373
1055 1765
1056 3007
1057 1430
1057 2254
1058 1950
1058 2038
1059 1399
1059 2266
1062 2862
1064 1635
1064 1680
1065 1927
1065 2885
1067 2022
1067 2361
1068 1131
1068 1236
1070 1281
1070 1650
1071 1217
1071 1389
1071 1590
1072 2058
1073 1592
1073 1777
1073 2854
1075 3172
1076 1150
1076 2076
1077 1611
1077 2466
1077 2642
1078 1413
1079 2606
1080 2265
1081 1092
1081 1699
1083 1215
1084 1099
1085 2263
1086 2588
1087 1100
1087 2547
1088 1146
1088 1544
1089 1235
1089 2753
1090 2195
1091 1145
1091 1911
1091 2765
1092 1122
1092 1292
1092 1879
1093 2457
1093 2677
1095 3036
1096 2738
1097 2123
1097 2879
1098 1227
1099 1483
1099 2072
1099 2531
1100 1271
1100 1530
1100 3123
1101 1648
1101 3096
1103 2996
1104 1173
1106 1655
1107 1335
1107 2520
1107 2792
1109 1392
1110 2968
1112 1580
1113 1120
1114 1117
1114 2222
1116 2710
1118 1354
1119 1570
1119 2558
1119 3100
1121 1600
1122 2593
1122 2982
1123 2554
1130 1245
1130 1804
1131 2645
1132 2454
1132 2505
1132 3066
1133 1565
1133 2434
1134 2670
1134 2932
1136 1207
1136 1406
1136 1539
1136 2743
1137 1493
1137 2566
1138 1858
1138 1975
1138 3067
1139 1871
1140 1743
1140 3046
1143 1266
1143 2801
1145 2476
1146 1509
1146 1549
1147 2020
1147 2139
1148 1674
1148 2264
1148 3012
1149 2301
1150 2131
1150 2356
1150 2603
1152 1372
1152 3143
1153 1848
1154 1663
1155 1894
1158 1434
1158 2001
1158 2523
1159 1744
1159 2198
1159 2878
1161 2259
1163 1203
1163 1294
1163 1800
1163 2636
1163 2667
1165 1320
1166 1687
1166 2751
1170 1640
1171 1715
1171 2258
1171 2405
1172 1881
1173 1512
1175 1414
1175 2370
1176 1325
1176 2142
1178 1450
1179 1438
1179 1935
1179 2914
1180 3175
1181 2023
1182 2108
1182 3026
1183 3147
1184 1456
1185 1429
1187 2073
1187 2253
1189 2497
1190 1962
1191 1720
1191 2202
1191 2638
1192 1326
1192 1521
1192 1974
1193 2383
1195 1678
1195 2822
1195 2897
1196 1972
1196 2647
1197 1443
1197 1944
1198 1755
1198 1996
1198 2972
1199 1306
1201 2176
1202 1233
1206 2557
1208 1316
1208 2817
1209 1560
1209 2693
1210 1955
1210 2241
1210 2379
1211 3040
1212 1797
1212 3178
1213 1441
1213 2756
1215 2460
1216 1785
1216 2447
1216 2502
1217 1318
1217 1436
1217 1791
1218 1859
1219 2182
1221 2237
1222 2211
1223 2893
1224 1624
1224 2098
1225 1898
1226 1540
1227 1403
1229 2486
1229 2981
1231 1349
1231 2975
1231 3122
1234 1822
1234 1960
1234 2553
1235 1322
1235 2730
1236 2279
1237 2124
1238 1899
1238 2026
1239 1420
1239 1526
1239 3080
1240 1612
1243 1968
1243 2018
1244 1766
1245 1303
1246 1365
1247 1989
1248 1507
1248 1546
1249 1487
1249 1491
1249 2947
1250 1557
1250 2788
1251 1498
1251 2364
1252 1307
1252 1642
1253 2806
1254 2943
1255 1551
1256 2224
1257 3114
1259 2455
1259 2904
1260 1474
1261 1277
1261 1328
1261 2971
1263 1380
1263 2293
1268 1603
1268 3000
1268 3078
1270 1966
1271 1278
1272 1279
1273 1676
1273 2626
1274 2024
1274 2371
1279 2002
1280 2103
1281 1825
1282 2234
1282 2757
1284 1525
1284 1851
1286 1488
1286 1671
1289 2533
1289 2650
1290 1625
1290 2240
1290 2831
1290 3061
1291 2519
1292 3167
1294 2096
1295 2091
1297 2600
1298 1386
1298 1807
1298 2403
1299 2181
1300 1451
1302 1351
1305 1457
1307 1607
1308 1465
1310 1694
1313 2161
1314 1577
1314 2154
1316 2909
1317 1427
1319 1422
1320 2714
1321 1469
1323 1559
1324 2828
1325 1520
1325 2696
1328 2832
1331 1985
1331 1998
1332 2042
1332 2359
1332 2575
1333 1658
1336 1511
1336 1885
1336 1905
1337 1562
1338 1806
1338 2148
1338 2380
1339 2465
1340 1576
1342 3010
1343 2479
1343 3022
1344 1462
1346 2137
1346 2811
1347 2014
1349 2661
1351 1938
1351 2706
1351 2784
1352 1564
1353 2579
1354 1819
1356 2268
1357 1578
1357 1591
1357 2149
1361 1423
1363 1993
1365 2480
1366 2723
1366 3028
1367 1723
1368 1902
1370 1502
1370 2713
1371 1561
1372 1983
1376 1470
1378 1814
1378 2318
1379 2451
1380 1439
1381 1727
1382 2132
1387 1506
1388 3097
1390 2387
1395 1939
1396 1619
1396 1811
1396 2529
1396 2923
1397 1586
1400 2398
1402 1404
1402 1471
1406 2037
1407 2689
1411 1832
1412 1761
1412 2430
1413 1843
1414 1828
1416 1527
1416 2183
1417 2402
1417 2989
1418 1573
1419 1531
1420 1606
1420 2692
1424 1872
1425 1874
1425 1940
1426 1500
1426 1762
1426 2584
1426 2916
1427 2797
1431 1681
1432 1528
1432 2979
1433 1942
1434 2676
1434 2697
1435 2032
1435 2931
1436 2423
1438 2514
1440 2559
1440 2876
1441 2902
1442 2027
1443 2586
1444 1689
1444 2397
1446 2872
1447 1682
1448 2408
1448 2737
1449 1643
1449 2545
1451 3164
1454 2918
1455 2199
1456 2855
1457 1990
1457 2015
1458 1496
1462 3151
1465 1647
1465 1855
1470 2746
1471 2669
1472 1903
1472 2229
1473 1615
1474 2309
1475 2492
1475 2749
1476 2129
1477 1733
1477 2769
1478 1629
1478 1665
1479 1849
1479 2758
1481 1543
1482 1651
1482 2895
1484 1555
1485 1719
1486 1883
1487 2573
1490 2602
1491 2159
1491 2594
1495 1548
1495 1984
1495 2539
1495 3077
1498 1772
1498 3166
1500 1550
1502 1919
1502 1953
1505 1864
1506 2245
1508 2459
1509 1685
1510 1587
1512 3150
1513 1524
1514 1747
1516 2444
1517 1675
1517 2249
1517 2660
1518 1932
1519 1596
1521 2200
1523 1529
1523 1779
1524 2298
1525 1988
1526 1634
1527 1696
1527 2474
1528 2399
1528 3058
1529 1886
1529 2225
1530 1532
1530 2066
1531 1986
1534 2030
1535 2583
1537 2515
1538 2223
1540 2552
1542 2976
1544 2111
1548 1746
1548 1951
1550 2351
1552 2726
1553 1808
1553 3105
1553 3184
1554 2280
1554 3053
1559 2035
1561 2941
1563 2281
1565 2186
1568 3082
1569 2271
1570 2092
1570 2453
1571 2109
1572 2522
1574 1618
1577 1737
1578 3103
1578 3139
1579 2740
1581 2118
1583 1839
1584 2116
1584 2358
1587 1759
1587 1802
1590 1599
1590 2569
1590 2800
1591 3189
1592 2273
1593 1709
1593 2187
1594 1866
1594 2192
1594 2422
1595 1956
1596 2604
1596 2803
1597 1661
1600 1992
1605 1945
1609 2708
1609 2815
1611 1816
1617 2060
1617 2244
1618 1979
1621 2043
1621 3018
1623 2083
1624 2687
1625 1758
1626 2391
1627 1784
1627 2435
1628 2019
1630 2190
1631 2450
1633 2051
1634 1690
1634 2284
1637 1913
1638 1776
1642 2275
1643 1936
1643 2276
1646 2824
1647 1830
1648 1730
1648 2160
1648 2774
1649 3169
1650 1790
1652 1880
1652 2966
1655 2865
1661 1928
1662 1773
1663 1914
1664 2944
1665 2651
1669 2344
1675 2094
1679 1684
1680 2179
1680 2582
1681 2877
1683 2021
1684 1920
1684 3141
1687 2054
1687 2808
1690 2494
1691 1756
1691 1877
1691 2592
1691 2684
1691 3153
1694 1971
1695 2401
1697 2238
1697 2306
1699 2311
1706 3106
1708 1999
1710 2488
1715 2339
1716 1909
1717 1835
1717 2104
1718 3025
1720 2363
1720 2437
1722 1787
1724 2597
1725 2601
1727 2031
1729 1781
1730 2641
1730 2883
1730 2912
1732 2125
1740 2905
1744 2034
1745 2844
1749 2634
1750 2377
1754 1845
1754 3125
1756 1887
1756 2711
1757 2570
1758 2873
1770 2804
1773 3002
1775 1875
1775 2686
1776 1792
1778 2949
1783 2114
1784 2074
1784 3128
1785 1805
1785 2102
1787 2821
1788 2128
1789 1884
1789 2511
1790 2100
1793 2090
1796 2945
1801 2410
1807 2712
1808 2478
1814 1957
1814 3186
1816 2544
1817 2605
1817 3173
1818 3031
1819 2112
1820 2732
1822 2007
1825 3161
1826 1837
1831 2571
1832 1967
1832 3127
1834 2936
1837 2215
1840 2977
1842 2578
1848 2790
1849 2228
1849 2680
1850 2633
1852 2006
1853 2171
1853 2646
1856 1970
1856 2144
1856 2290
1860 1977
1861 1958
1862 3165
1865 2025
1865 2629
1866 3032
1867 2722
1867 2959
1870 2247
1870 3033
1876 2412
1877 2390
1877 2705
1878 2735
1881 3138
1882 2810
1891 1896
1891 2720
1891 3004
1896 2678
1900 2330
1900 2767
1901 2307
1902 2809
1904 2328
1904 3001
1905 2763
1906 2462
1906 3107
1908 2542
1908 3074
1909 2133
1915 2625
1919 2086
1922 3131
1923 2036
1923 3113
1926 2870
1928 2373
1932 2243
1932 2375
1933 2260
1935 2837
1936 2009
1937 2857
1939 3144
1947 1991
1949 2252
1949 2880
1950 2354
1953 2537
1957 2561
1957 2704
1957 3013
1963 2122
1970 2208
1971 2770
1975 2953
1981 2068
1981 2261
1981 2326
1983 2089
1983 2637
1984 2994
1987 3171
1988 2135
1990 2088
1992 3039
1999 2145
2000 2555
2006 2703
2015 2671
2017 2151
2018 3076
2020 2508
2022 2833
2027 2029
2027 2469
2032 2321
2035 2725
2039 2836
2039 3162
2040 2716
2042 2220
2049 2590
2051 2193
2060 2165
2063 2830
2064 2431
2064 3181
2068 2386
2068 2962
2069 2396
2069 2400
2070 2212
2070 2567
2071 3098
2074 2337
2075 3073
2080 2595
2081 3045
2085 2823
2086 2679
2087 2246
2088 2852
2091 3030
2093 2420
2094 2418
2096 2168
2096 2320
2096 2986
2097 2141
2098 2349
2099 2130
2100 2632
2101 2475
2101 2507
2102 2233
2103 2323
2104 2242
2105 3197
2107 2210
2110 2172
2110 2901
2119 2291
2120 2841
2123 2491
2127 2512
2129 2231
2131 2599
2137 2549
2137 3020
2137 3104
2139 2156
2148 2170
2148 3049
2152 2881
2159 2463
2160 2700
2161 2980
2163 3006
2165 2715
2176 2316
2179 2376
2192 2546
2193 3115
2195 2392
2195 2816
2197 2648
2197 2860
2197 2954
2198 2868
2199 2960
2204 2248
2204 2458
2211 3060
2216 2673
2221 2657
2223 2886
2226 2574
2227 3102
2228 2627
2231 2674
2236 2493
2238 2272
2238 2955
2240 2325
2245 2483
2246 2278
2249 3109
2254 2517
2257 2501
2260 2750
2261 2262
2261 2324
2264 2421
2267 3112
2268 2926
2270 3111
2272 2406
2276 3160
2277 2304
2280 2382
2280 2445
2283 3034
2285 2413
2289 2608
2291 2644
2292 2922
2293 2643
2297 2965
2301 2786
2303 2759
2305 2964
2317 2343
2321 2340
2325 2415
2325 3101
2327 2332
2330 2433
2330 3108
2331 2334
2332 2521
2333 2341
2339 3121
2340 2709
2345 2490
2349 2796
2355 2489
2359 2840
2361 2622
2365 2509
2366 2727
2382 2510
2386 2761
2392 2946
2393 2548
2394 2995
2396 2438
2399 2560
2400 2984
2403 2414
2405 2655
2409 3014
2409 3038
2431 2773
2433 2928
2438 2556
2440 3064
2445 2485
2448 2565
2448 2778
2448 2903
2458 3086
2462 2736
2464 2630
2465 3052
2469 2896
2474 2973
2482 2495
2486 3177
2489 2850
2492 2899
2495 2662
2497 2695
2507 2631
2517 2541
2518 2906
2526 3196
2528 2920
2532 2618
2546 3083
2548 3190
2552 2609
2555 3069
2565 3110
2567 3065
2579 2958
2585 2717
2586 2924
2586 2993
2589 3116
2592 2640
2593 2856
2599 2887
2602 2728
2606 2818
2612 2615
2616 2691
2621 2998
2634 2934
2637 2848
2638 2654
2638 2762
2639 2987
2653 2939
2657 2851
2667 2985
2669 3024
2672 2907
2674 3185
2678 2940
2680 2814
2706 3048
2712 2983
2712 3195
2717 2911
2721 2835
2731 2768
2736 3019
2743 2859
2753 2871
2753 3017
2753 3145
2775 3149
2781 3158
2787 2988
2795 3090
2796 3156
2801 2910
2801 3199
2803 3095
2803 3124
2807 2819
2820 3182
2826 3135
2830 3174
2835 3042
2845 2849
2858 3191
2865 3148
2871 3079
2877 3016
2891 3063
2898 2978
2898 3087
2952 3194
2967 3168
2975 3005
2992 3142
2996 3130
3005 3081
3035 3044
3046 3057
3099 3129
