0 28
0 78
0 136
0 147
0 174
0 175
1 6
1 17
1 73
1 101
1 180
2 19
2 38
2 92
2 104
2 123
2 126
2 127
2 161
2 178
3 12
3 46
3 53
3 60
3 103
3 120
3 126
3 158
3 164
3 169
3 187
4 16
4 43
4 65
4 73
4 91
4 95
4 108
4 142
4 172
4 197
5 99
5 105
5 149
5 160
6 15
6 16
6 22
6 41
6 100
6 107
6 109
6 161
6 169
6 171
6 190
6 197
7 39
7 51
7 53
7 73
7 79
7 87
7 90
7 102
7 127
7 162
7 174
7 179
8 28
8 32
8 36
8 59
8 62
8 76
8 111
8 117
8 145
8 160
9 13
9 28
9 57
9 60
9 62
9 68
9 84
9 102
9 119
9 129
9 170
9 193
10 24
10 46
10 109
10 119
10 133
10 136
10 138
10 155
11 18
11 28
11 54
11 58
11 62
11 82
11 97
11 108
11 138
11 140
11 144
11 191
12 18
12 32
12 75
12 97
12 122
12 167
12 173
12 188
12 190
12 199
13 18
13 63
13 81
13 90
13 117
13 132
13 149
14 27
14 59
14 60
14 63
14 73
14 114
14 119
14 129
14 143
14 146
14 148
14 189
14 194
15 37
15 50
15 144
15 176
16 54
16 57
16 63
16 87
16 91
16 106
16 126
16 127
17 31
17 47
17 130
17 145
17 167
17 197
18 24
18 27
18 57
18 64
18 87
18 93
18 99
18 112
18 121
18 139
19 47
19 53
19 80
19 108
19 133
19 149
19 196
20 40
20 78
20 95
20 109
20 145
20 176
21 58
21 120
21 139
21 160
22 37
22 68
22 124
22 125
22 129
22 140
22 174
22 176
22 178
23 58
23 80
23 106
23 114
23 117
23 119
23 131
23 165
24 62
24 67
24 117
24 141
24 145
24 161
24 199
25 48
25 62
25 78
25 89
25 92
25 96
25 147
25 186
26 32
26 76
26 108
26 118
26 158
26 191
27 56
27 108
27 157
27 179
28 158
28 181
28 194
28 199
29 34
29 56
29 95
29 110
29 125
30 51
30 63
30 87
30 116
30 121
30 134
30 156
30 188
30 189
30 191
31 85
31 87
31 105
31 129
31 143
31 173
32 52
32 86
32 130
32 164
33 37
33 38
33 56
33 63
33 72
33 78
33 100
33 120
33 127
33 177
34 121
34 195
35 39
35 75
35 108
35 174
35 179
35 194
36 67
36 72
36 153
36 162
36 183
36 193
36 195
37 43
37 48
37 71
37 168
37 182
37 184
38 73
38 141
38 158
38 165
38 172
39 57
39 65
39 110
39 113
39 146
39 147
39 157
39 158
39 166
39 169
40 70
40 94
40 128
40 136
40 177
40 182
40 183
41 53
41 68
42 93
42 99
42 110
42 116
42 122
42 128
42 134
42 136
42 138
43 99
43 143
43 149
43 165
44 68
44 73
44 99
44 134
44 135
44 139
44 150
45 80
45 84
45 94
45 115
45 118
45 129
45 140
45 142
45 162
45 176
45 195
46 106
46 185
47 96
47 111
47 116
47 166
48 49
48 106
48 130
48 151
49 105
49 111
49 119
49 158
49 169
49 172
49 179
50 81
50 164
50 181
50 187
51 144
51 191
52 75
52 108
52 110
52 127
52 148
52 163
52 181
52 192
53 162
54 108
54 119
55 66
55 71
55 95
55 120
55 138
56 104
56 148
56 180
56 183
57 116
57 124
57 142
57 152
58 141
58 158
58 176
58 186
58 191
58 192
59 100
59 106
59 116
59 147
59 174
60 66
60 99
60 101
60 113
60 116
60 155
60 165
61 126
61 190
62 77
62 93
62 105
62 120
62 137
62 178
62 193
63 69
63 76
63 94
63 114
63 132
63 176
63 185
63 195
64 94
64 143
64 148
64 171
65 195
66 72
66 92
66 104
66 145
66 146
67 77
67 79
67 88
67 92
67 124
67 135
67 173
67 183
67 187
67 188
68 156
68 169
69 80
69 133
69 144
69 153
69 178
69 183
69 191
70 73
70 74
70 104
70 105
70 114
70 129
71 122
71 124
71 152
71 163
71 178
72 152
72 157
72 159
72 177
73 93
73 96
73 101
73 155
73 156
74 77
74 83
74 84
74 93
74 118
74 120
74 123
74 172
75 124
75 136
75 141
75 166
76 106
76 116
76 140
76 169
76 171
77 87
77 90
77 149
77 181
77 184
78 80
78 171
78 193
79 103
79 110
79 121
79 148
79 160
79 166
79 177
79 189
80 122
80 139
80 145
80 184
81 95
81 144
81 148
82 98
82 133
82 158
82 188
82 191
83 149
83 182
84 104
84 137
84 161
85 139
85 155
85 186
85 199
86 91
86 97
86 126
86 127
86 142
87 113
87 153
87 164
87 169
87 182
88 94
88 125
88 189
88 196
89 92
89 131
90 93
90 99
90 105
90 119
90 137
90 141
90 154
90 156
90 190
91 92
91 104
91 108
91 147
91 170
91 176
91 193
92 141
92 160
93 144
93 155
93 168
94 118
94 157
94 171
95 116
95 140
95 151
96 109
96 181
96 189
97 100
97 110
97 153
97 188
98 149
98 161
98 171
99 120
99 156
99 195
100 108
100 116
100 119
100 138
100 140
100 145
101 113
101 121
101 133
101 187
101 196
102 106
102 113
102 131
102 135
102 168
102 197
102 198
103 114
103 134
103 166
104 106
104 112
104 131
104 141
104 171
104 182
104 190
105 190
105 195
105 198
106 123
106 153
107 113
107 151
108 149
108 166
109 160
109 196
109 198
110 173
111 117
111 164
111 178
113 126
114 116
114 161
114 184
114 198
115 150
115 151
115 154
115 160
115 193
116 126
116 139
117 118
117 136
117 148
117 150
118 152
118 164
118 165
118 179
118 198
119 163
119 182
120 125
120 160
120 185
121 143
121 186
121 191
122 126
122 136
122 151
122 154
122 158
122 159
122 162
122 167
122 188
123 128
123 140
123 184
124 129
124 142
124 164
124 187
124 188
124 190
124 195
125 152
126 146
126 181
126 187
126 191
127 134
127 147
127 150
127 175
128 145
128 149
128 176
129 191
130 142
130 175
130 189
131 136
131 141
131 196
131 198
132 143
132 195
134 139
134 153
135 139
135 152
135 155
135 180
136 148
136 169
136 172
136 177
136 195
137 151
138 179
138 181
139 147
139 152
139 165
139 180
139 184
139 191
140 198
142 155
142 156
142 177
143 152
143 163
143 187
143 198
143 199
144 167
144 192
144 194
145 153
145 170
145 183
146 152
146 157
146 179
148 191
149 185
151 171
151 189
152 185
152 189
153 159
153 174
156 176
156 188
157 158
157 177
157 178
158 168
159 171
160 188
160 193
161 164
161 194
163 167
167 186
167 198
168 176
168 192
169 196
171 183
172 174
172 198
173 186
175 189
179 193
180 186
181 195
185 188
187 195
188 197
191 192
196 197
196 199
