0 1
0 4
0 8
0 112
1 2
1 59
2 3
2 7
2 14
3 20
4 5
4 6
4 69
4 91
5 24
5 47
6 9
6 13
6 29
6 106
7 31
7 45
7 57
7 70
8 11
8 15
8 42
8 61
8 86
8 92
8 124
8 153
8 194
9 10
9 12
9 28
9 54
9 129
10 23
10 49
10 177
11 27
11 67
11 104
12 16
12 22
12 40
12 43
12 136
13 25
13 26
13 64
13 80
13 82
14 102
14 141
15 18
15 83
15 111
16 17
16 19
16 32
17 21
17 98
18 33
19 65
19 108
20 35
20 58
21 53
21 73
22 51
22 143
24 30
24 66
24 137
25 88
26 63
26 113
26 160
27 196
28 50
29 39
30 46
30 52
31 36
31 37
31 85
31 150
31 155
32 34
32 164
33 38
33 48
33 56
33 62
34 77
35 41
36 128
38 78
38 101
40 44
40 55
41 60
41 165
43 109
44 72
45 154
46 157
47 161
48 179
50 74
52 146
53 68
53 105
55 134
55 168
56 71
56 84
59 76
59 94
60 172
62 114
62 120
63 79
63 152
64 110
64 138
66 107
69 187
70 75
70 123
72 87
73 81
73 103
73 126
76 97
76 121
77 90
77 176
78 89
78 116
78 127
79 95
79 166
79 185
82 96
82 197
83 151
83 158
86 162
87 100
87 130
88 178
89 118
90 99
90 193
91 93
94 132
95 142
96 149
100 115
100 173
103 119
103 180
103 195
104 188
105 145
105 148
106 156
110 125
110 159
111 135
112 122
113 117
113 171
116 131
116 169
117 189
121 190
125 174
125 191
126 133
127 182
130 140
130 144
138 139
139 192
144 147
148 163
150 184
152 170
159 167
161 175
165 186
173 183
176 181
177 199
184 198
