0 49
0 198
1 24
1 166
2 22
2 125
2 158
2 185
3 38
4 44
4 46
4 101
4 142
4 187
6 192
7 111
7 185
8 23
8 43
8 94
8 146
9 30
9 51
9 89
10 11
10 17
10 100
11 105
11 182
12 14
12 20
12 47
12 57
12 104
12 199
14 27
14 90
14 102
14 169
15 44
15 106
15 157
15 162
15 165
16 19
16 41
16 94
17 113
19 20
19 43
19 99
19 138
20 170
21 184
22 37
22 46
22 101
22 151
23 43
23 174
23 176
23 178
23 199
24 82
24 141
25 31
25 36
25 45
25 53
25 155
25 185
27 176
28 63
28 131
29 113
29 152
30 189
31 51
31 109
31 186
32 131
33 71
33 97
33 107
33 175
34 74
34 87
35 46
35 82
35 168
36 189
37 175
37 198
38 191
39 181
40 142
40 171
41 145
41 175
41 189
42 51
42 78
42 80
42 91
42 123
42 152
43 80
43 102
43 126
43 176
44 64
44 67
44 134
44 143
44 160
44 184
45 48
45 121
45 144
45 188
46 104
46 182
47 133
47 171
47 197
48 152
50 51
50 54
50 128
50 169
51 62
51 65
51 117
52 69
52 107
52 121
52 124
55 72
56 102
56 103
56 186
57 131
58 104
58 149
59 83
60 112
63 84
63 140
63 188
64 167
65 75
66 176
68 169
69 81
69 132
69 154
70 100
70 178
71 101
71 117
73 164
74 192
75 113
75 145
75 194
76 167
77 127
78 135
79 125
79 133
80 130
80 180
81 116
81 143
81 157
81 199
83 109
83 194
84 116
84 129
84 178
84 189
85 171
87 90
88 176
90 198
91 107
92 121
92 142
92 154
92 157
93 124
93 133
94 169
95 98
95 111
95 149
95 180
97 166
101 143
102 106
104 155
104 198
105 114
105 156
107 111
107 165
111 123
111 124
111 146
111 164
111 177
111 187
113 160
114 172
117 191
118 156
118 193
119 149
119 160
119 192
120 139
120 157
121 143
121 179
121 186
121 190
122 140
122 148
122 178
123 191
124 161
127 140
127 145
134 170
136 169
138 183
140 148
140 176
143 171
149 163
151 178
154 168
156 167
156 174
163 185
164 168
164 185
166 169
170 188
174 198
175 185
176 182
176 196
177 193
178 183
180 192
182 187
