0 1
0 3
0 44
0 146
0 168
0 544
0 696
1 2
1 4
1 5
1 6
1 7
1 13
1 16
1 24
1 47
1 99
1 104
1 121
1 137
1 206
1 927
2 29
2 36
2 119
2 247
2 519
2 543
2 838
3 8
3 21
3 266
3 431
3 1035
4 9
4 14
4 259
4 1318
5 69
5 151
6 11
6 88
6 95
6 110
6 740
6 1524
7 15
7 17
7 18
7 22
7 57
7 133
7 230
8 67
8 227
8 301
8 549
8 1227
9 10
9 111
9 148
9 208
10 12
10 20
10 77
10 849
10 1080
10 1160
10 1162
11 32
11 100
11 548
11 1419
12 19
12 40
12 58
12 184
13 702
13 766
13 1311
14 23
14 73
14 529
14 860
15 35
15 107
15 377
15 921
16 38
16 56
16 59
16 83
16 155
17 27
17 43
17 54
18 34
18 37
18 72
18 79
18 688
19 50
19 82
19 178
19 1347
20 30
20 61
20 127
20 135
20 542
21 103
21 129
21 182
21 593
21 1104
22 25
22 26
22 66
22 170
23 28
23 31
23 90
23 754
24 39
24 49
24 105
24 138
24 486
24 508
25 195
26 52
26 123
26 212
26 333
26 440
27 55
27 234
27 269
27 594
27 1125
28 33
28 62
28 68
28 96
28 631
28 918
28 1166
29 41
29 45
29 160
29 231
29 321
29 1167
30 249
30 717
30 884
30 1116
30 1406
31 85
31 130
31 397
31 1013
32 903
33 293
33 308
33 367
33 376
33 608
34 506
34 625
36 46
37 51
37 94
38 1130
39 48
39 74
39 159
39 402
39 998
40 91
40 92
40 141
40 291
40 319
40 1007
41 42
41 70
41 214
41 1300
42 71
42 75
42 89
42 299
42 1499
43 84
43 1285
44 605
44 1184
45 65
45 153
45 588
45 643
46 53
46 64
46 139
46 190
46 290
46 403
46 464
46 966
47 232
47 1479
47 1598
48 87
48 315
49 76
49 180
49 239
49 261
49 378
49 862
49 1384
50 179
50 202
50 229
50 648
51 128
51 379
51 887
51 916
52 86
52 101
52 125
52 546
52 1165
53 60
53 191
53 1078
53 1144
54 115
54 215
54 241
54 1439
55 120
55 134
55 176
55 1483
56 329
56 524
57 106
57 563
57 736
58 116
58 221
58 347
58 428
60 1072
61 63
61 80
61 1010
62 161
62 350
62 516
63 260
63 295
63 1151
63 1222
64 174
64 196
64 503
64 591
64 836
64 951
65 412
66 175
66 364
66 408
66 974
67 209
67 220
67 238
67 780
67 1233
68 372
68 825
68 1219
69 288
69 612
70 81
70 833
71 509
72 78
72 124
72 652
72 1029
72 1348
72 1450
73 267
73 523
74 185
75 330
75 477
76 102
76 646
76 680
76 1432
77 186
77 287
78 552
78 971
78 1102
79 108
79 132
79 235
79 244
79 344
79 1554
80 198
80 353
80 572
80 623
81 122
81 416
82 274
82 304
82 448
82 752
83 136
85 97
85 300
85 533
85 574
85 597
85 1539
86 118
86 163
86 255
86 476
86 1458
87 113
87 351
87 561
88 603
88 976
89 147
89 253
89 389
89 961
90 112
90 172
90 996
90 1140
91 93
91 126
91 169
92 98
92 233
92 689
92 1414
94 117
95 154
95 283
95 595
95 649
95 747
96 204
96 424
96 647
96 1205
97 277
97 298
97 327
97 601
98 140
98 200
98 279
98 964
99 177
99 317
100 340
100 390
100 873
101 303
101 435
101 592
101 1024
101 1523
102 173
102 205
102 553
102 560
102 1203
103 541
104 109
104 226
104 449
105 149
105 152
105 157
105 245
105 395
105 1251
105 1440
105 1547
106 513
106 701
107 292
108 114
108 730
109 143
109 223
109 270
109 466
109 1092
109 1164
110 150
110 207
110 583
110 772
111 417
111 545
111 728
111 1289
112 145
112 318
113 335
113 471
114 142
114 250
114 840
114 846
114 1320
115 131
115 1558
117 309
118 1127
119 756
121 246
121 427
121 744
122 923
123 181
124 167
124 356
124 1063
124 1111
125 203
125 1161
128 183
128 388
128 441
129 716
129 1484
130 1560
131 144
131 158
131 550
131 1186
131 1215
132 251
132 782
132 1218
132 1447
133 342
134 237
134 571
134 734
135 264
135 385
135 1146
137 294
137 438
137 1496
138 357
138 399
138 678
138 679
138 1255
139 307
139 497
139 876
140 337
140 674
141 166
142 162
142 243
142 1159
142 1230
143 859
143 992
144 527
144 655
145 584
145 919
146 268
146 420
147 156
147 345
147 1235
148 418
148 494
148 671
148 1154
149 370
150 275
151 363
153 171
153 517
153 1530
154 691
155 165
155 187
155 999
155 1216
155 1321
157 460
157 576
158 211
159 222
159 282
159 289
159 381
160 254
160 988
161 366
161 454
161 1103
162 654
163 164
163 210
163 432
163 843
163 938
163 1457
164 189
164 194
164 411
165 225
165 439
165 765
165 952
166 219
166 331
166 332
167 1073
169 257
169 398
169 1118
170 415
170 892
170 1593
171 193
171 201
171 522
171 932
171 1217
172 297
172 404
173 800
173 1223
173 1313
174 446
176 1210
177 281
177 924
177 1265
179 305
180 236
180 694
181 228
181 248
181 276
181 429
181 613
181 1400
182 706
183 1179
184 272
184 375
185 199
185 216
185 218
185 456
185 554
185 863
186 354
187 188
187 500
187 505
187 619
187 861
189 192
189 197
189 240
189 468
189 489
189 902
189 1433
190 355
190 538
190 573
190 581
191 213
191 450
192 1335
193 894
193 1574
194 455
194 930
194 1264
196 328
196 507
197 224
197 483
197 615
198 265
198 426
198 987
199 1198
200 413
200 692
200 950
201 262
201 582
201 640
202 467
202 559
203 361
203 1199
204 521
204 1338
206 566
207 256
207 682
208 258
208 487
208 514
209 217
209 407
210 686
210 1549
211 313
211 650
212 484
212 776
212 934
212 1278
213 343
213 790
213 1001
214 1107
216 296
216 481
216 515
216 567
217 242
217 1018
219 405
219 1221
220 657
220 757
221 1354
223 721
224 271
224 557
225 665
225 925
225 1196
226 425
226 568
226 895
226 1252
227 360
227 373
228 252
228 537
228 564
228 743
228 761
228 1270
229 958
230 316
230 664
230 787
231 362
231 556
231 1561
232 349
233 641
233 668
234 314
234 320
234 819
235 369
235 536
235 575
236 498
236 1410
237 1071
238 749
239 302
239 845
240 263
241 306
241 611
241 832
242 383
243 285
243 339
243 617
245 731
245 1266
246 312
246 359
246 465
247 606
248 526
248 857
249 280
249 531
251 1132
251 1284
252 983
253 478
254 409
255 334
256 311
256 462
257 501
257 1434
258 472
259 400
260 384
260 824
262 278
262 673
262 943
262 1462
263 1403
265 656
265 1306
266 273
266 284
266 325
266 414
266 786
266 904
266 1045
266 1316
266 1325
267 447
268 585
269 324
270 540
270 1501
271 622
272 458
273 410
273 869
274 1367
276 310
276 490
276 940
278 953
279 745
279 866
280 286
280 423
280 799
282 980
283 371
284 322
284 326
284 1596
288 872
288 1383
289 733
290 558
292 883
292 1279
293 985
294 788
294 875
294 1341
295 338
296 368
296 393
296 470
296 911
297 1061
297 1181
297 1545
298 1260
298 1346
298 1473
299 636
299 639
299 794
299 798
300 518
302 496
302 669
303 534
305 365
306 1077
306 1258
307 422
307 700
308 323
309 704
309 1040
309 1062
310 382
310 882
311 1168
311 1294
311 1331
312 396
313 336
313 348
313 387
313 1589
314 434
314 630
314 1091
315 1519
316 482
317 352
318 341
318 724
318 1253
318 1372
319 419
320 856
320 1026
321 499
321 1468
321 1516
322 746
322 852
323 570
323 627
323 1322
324 793
325 474
325 929
325 1034
328 725
328 1195
330 792
330 972
331 512
331 715
331 759
331 1032
333 826
335 525
336 1319
337 374
337 442
339 380
339 463
340 346
340 401
340 695
341 1337
342 1149
343 406
343 954
344 391
345 1042
346 457
346 1407
347 881
348 392
348 645
349 445
349 453
351 430
351 495
353 358
353 1108
354 658
354 1214
354 1476
355 480
355 687
355 812
355 896
355 956
356 663
356 677
357 511
357 530
358 620
359 1174
360 459
360 596
360 1037
361 767
362 683
362 810
362 1142
365 475
365 638
366 502
366 672
366 935
368 555
369 807
370 990
371 437
372 394
374 504
374 748
374 1569
380 433
380 768
381 587
381 589
381 635
382 723
382 791
382 1057
382 1374
383 960
383 1553
384 386
384 421
384 783
384 822
384 1398
385 1368
388 461
388 1041
389 469
389 755
389 1420
390 610
390 770
390 1424
391 741
392 816
394 1023
394 1507
396 491
396 739
397 451
398 828
400 452
401 598
401 609
401 1094
402 436
402 492
403 1336
405 1361
408 917
410 614
410 1351
411 473
411 577
411 626
411 897
411 994
411 1081
411 1121
411 1133
412 831
412 874
412 928
414 880
414 1586
415 1459
417 443
417 775
420 829
420 969
420 1190
421 670
421 1004
422 1015
422 1192
423 720
425 693
425 811
425 910
426 676
426 707
426 804
427 528
428 666
428 1512
429 551
429 628
430 984
430 1112
432 547
432 1176
433 569
433 1380
433 1526
434 578
435 1135
436 653
437 488
437 1122
438 624
438 1275
438 1435
439 444
439 1293
440 479
440 520
441 637
441 1229
442 510
442 634
442 651
449 708
449 1418
450 1509
454 1065
454 1583
455 771
458 914
459 642
460 908
462 1280
464 586
464 968
466 1587
468 762
468 1031
470 1566
473 920
473 1423
475 785
476 485
476 562
477 699
477 891
478 1283
479 1115
479 1157
479 1382
480 1502
481 535
481 1263
482 1156
482 1314
483 813
484 1194
484 1356
486 827
487 493
487 777
487 1443
488 580
488 718
488 1188
490 629
490 1237
490 1269
491 713
493 722
497 797
498 1397
498 1550
499 760
500 1225
501 698
502 662
504 599
504 1505
505 1009
506 1153
508 889
508 1257
509 532
510 900
513 616
513 727
513 986
514 815
514 853
514 1117
515 1079
517 1110
518 1273
521 607
521 1036
521 1113
524 539
525 1163
525 1282
529 742
529 1136
531 600
531 835
533 712
533 732
533 1570
534 834
534 931
534 978
535 590
535 621
535 769
536 877
536 982
537 565
537 714
538 1340
540 1097
541 1334
542 729
543 618
545 579
548 1452
550 870
551 632
551 751
551 879
552 1109
552 1202
554 1180
554 1582
556 1366
557 1287
558 1359
560 926
560 1200
561 710
561 1003
562 1391
568 602
576 803
576 1244
577 773
577 867
579 660
579 970
581 909
581 1276
582 675
587 789
587 957
589 1101
590 898
590 1267
591 726
593 604
593 659
594 779
594 796
595 1213
596 795
596 1150
597 737
598 1493
600 690
600 1155
601 1143
602 685
604 937
604 1070
604 1392
605 847
605 871
606 841
607 738
607 1471
608 784
608 1088
609 1298
610 681
611 967
612 907
612 1134
614 854
615 778
615 1262
617 1405
618 705
618 711
620 1085
621 973
623 633
624 644
625 763
626 661
626 962
630 709
630 945
631 808
631 944
631 1197
632 1494
633 1046
633 1207
634 915
636 1039
637 1131
637 1592
638 1138
641 848
642 814
643 667
643 864
643 1137
644 886
644 1492
646 851
647 1571
650 1119
651 758
651 1464
652 890
652 1426
653 781
655 735
655 1185
657 1059
659 1028
660 844
669 818
670 905
670 1084
672 981
672 1445
673 684
673 1075
674 697
674 1472
675 858
676 1515
678 719
679 1259
681 1055
682 855
682 1395
682 1504
683 906
683 1191
683 1416
684 963
686 1232
686 1350
688 1124
688 1301
690 1345
691 955
692 806
692 1087
692 1390
694 1008
695 703
696 1171
696 1422
698 1025
699 868
699 1444
700 1064
701 1002
701 1296
701 1578
702 1100
703 1054
704 1074
704 1481
705 750
705 1044
706 995
706 1299
709 1517
714 1098
716 1327
717 801
717 1364
717 1551
720 1242
723 1326
725 1049
727 1022
727 1389
728 989
728 1557
733 885
733 1310
734 912
734 1562
735 839
735 1123
738 899
738 993
739 764
740 1303
744 837
744 1224
744 1415
747 1546
748 865
751 913
752 753
752 1152
754 997
757 1236
758 821
759 1333
760 1095
760 1510
762 941
764 842
764 1286
764 1528
765 1030
766 1120
767 901
768 922
769 805
769 1497
770 1182
772 820
773 774
773 977
775 1408
778 1377
780 817
782 1128
784 809
786 888
786 1243
788 1308
789 936
790 802
793 830
796 1158
797 1309
798 1290
799 1000
799 1436
800 1292
802 1231
803 1105
806 1261
807 850
807 1012
809 1187
811 1068
812 1019
813 1090
814 823
814 1014
815 1053
815 1086
816 1106
817 1404
821 1482
822 965
824 1246
825 1033
825 1069
825 1317
826 1038
831 939
831 1451
832 1431
833 947
834 893
834 1248
834 1291
837 949
838 1066
840 979
842 1067
845 878
845 1438
850 1417
853 975
855 1365
857 1461
858 1247
864 1016
865 1563
866 1126
867 1021
867 1527
870 1052
871 1250
871 1274
872 948
872 1425
876 1529
881 1058
884 1099
885 1597
887 946
890 1491
890 1518
891 1487
892 1006
892 1421
893 1096
895 1050
896 959
896 1401
898 1449
903 1277
905 1339
906 1047
907 1412
910 1409
912 1172
912 1175
913 1183
914 933
916 1559
917 1051
917 1520
919 1082
923 942
924 1076
924 1477
926 1427
928 1467
929 1328
929 1475
931 1268
931 1376
936 991
939 1027
940 1469
944 1271
944 1312
946 1226
950 1360
956 1148
956 1240
957 1315
960 1005
962 1020
966 1548
967 1485
972 1387
977 1386
980 1089
980 1145
986 1114
989 1017
989 1043
990 1011
990 1355
992 1297
996 1189
997 1056
1001 1511
1002 1573
1003 1272
1004 1093
1008 1357
1008 1448
1008 1478
1015 1363
1016 1239
1023 1575
1024 1249
1025 1141
1025 1295
1031 1411
1033 1394
1033 1531
1035 1396
1037 1173
1038 1538
1039 1060
1040 1369
1042 1201
1043 1568
1045 1048
1045 1177
1047 1353
1049 1169
1050 1307
1053 1362
1059 1532
1065 1393
1065 1486
1066 1234
1067 1480
1072 1129
1072 1193
1077 1212
1079 1238
1082 1083
1082 1535
1086 1378
1087 1402
1090 1211
1095 1513
1097 1349
1097 1385
1103 1228
1106 1323
1107 1500
1112 1399
1112 1465
1114 1441
1115 1147
1115 1170
1116 1281
1119 1332
1121 1373
1121 1460
1122 1522
1123 1256
1124 1324
1124 1495
1125 1470
1126 1139
1127 1245
1127 1488
1128 1358
1134 1370
1134 1542
1138 1343
1139 1220
1139 1466
1139 1521
1142 1206
1142 1254
1146 1536
1149 1503
1151 1288
1155 1178
1157 1591
1158 1413
1162 1241
1168 1204
1169 1544
1171 1576
1172 1305
1177 1208
1177 1525
1178 1304
1178 1381
1178 1454
1178 1498
1179 1209
1185 1429
1186 1375
1195 1506
1197 1330
1199 1540
1207 1514
1207 1537
1208 1388
1209 1588
1211 1430
1216 1437
1223 1344
1229 1456
1232 1474
1235 1565
1239 1594
1240 1379
1247 1581
1251 1541
1267 1342
1274 1302
1284 1329
1298 1463
1299 1490
1306 1442
1326 1555
1328 1579
1338 1534
1341 1533
1349 1352
1357 1455
1368 1446
1370 1371
1384 1489
1399 1453
1405 1572
1406 1585
1410 1508
1419 1590
1423 1428
1435 1595
1467 1543
1483 1567
1484 1599
1490 1552
1503 1564
1503 1577
1512 1584
1524 1580
1526 1556
