0 2
0 16
0 27
0 54
0 55
0 58
0 59
0 60
0 78
0 83
0 100
0 121
0 122
0 126
0 147
0 179
0 183
0 189
0 195
0 198
1 8
1 50
1 56
1 77
1 78
1 82
1 90
1 91
1 92
1 93
1 102
1 108
1 118
1 129
1 130
1 134
1 135
1 140
1 145
1 161
1 171
1 175
1 192
2 3
2 16
2 18
2 19
2 24
2 35
2 41
2 68
2 70
2 84
2 95
2 101
2 103
2 114
2 121
2 122
2 127
2 134
2 161
2 169
2 192
2 194
2 195
2 196
3 6
3 8
3 9
3 11
3 13
3 17
3 18
3 29
3 45
3 49
3 51
3 61
3 73
3 77
3 86
3 92
3 94
3 95
3 99
3 142
3 151
3 155
3 164
3 176
3 182
3 197
4 29
4 63
4 69
4 81
4 100
4 101
4 109
4 131
4 132
4 143
4 147
4 152
4 154
4 163
4 169
4 196
4 199
5 9
5 14
5 15
5 21
5 22
5 25
5 62
5 69
5 84
5 86
5 104
5 105
5 112
5 115
5 118
5 125
5 137
5 147
5 155
5 173
5 187
5 192
5 193
6 9
6 12
6 14
6 19
6 35
6 49
6 54
6 55
6 75
6 77
6 82
6 91
6 105
6 107
6 109
6 111
6 123
6 154
6 193
7 9
7 11
7 18
7 30
7 31
7 32
7 36
7 43
7 46
7 68
7 80
7 81
7 88
7 94
7 95
7 111
7 130
7 133
7 135
7 138
7 146
7 155
7 157
7 158
7 159
7 167
7 192
8 14
8 15
8 43
8 46
8 48
8 57
8 58
8 66
8 67
8 72
8 79
8 85
8 89
8 92
8 110
8 112
8 114
8 118
8 131
8 135
8 146
8 166
8 182
8 184
9 14
9 15
9 20
9 23
9 27
9 36
9 37
9 44
9 57
9 60
9 65
9 84
9 93
9 97
9 100
9 104
9 106
9 113
9 122
9 126
9 138
9 154
9 168
9 190
10 32
10 54
10 59
10 62
10 69
10 71
10 73
10 76
10 88
10 102
10 116
10 122
10 146
10 152
10 156
10 177
10 180
10 186
11 16
11 34
11 39
11 48
11 59
11 74
11 90
11 97
11 104
11 134
11 151
11 155
11 157
11 189
11 193
11 199
12 15
12 24
12 29
12 33
12 34
12 42
12 54
12 73
12 76
12 83
12 97
12 102
12 116
12 118
12 125
12 130
12 156
12 163
12 183
12 185
13 15
13 27
13 28
13 29
13 44
13 71
13 82
13 87
13 88
13 89
13 91
13 108
13 126
13 131
13 132
13 140
13 144
13 148
13 149
13 154
13 158
13 166
13 170
13 183
13 189
13 195
13 198
14 24
14 26
14 29
14 41
14 50
14 63
14 76
14 90
14 94
14 118
14 127
14 129
14 130
14 147
14 156
14 165
14 195
14 197
14 199
15 19
15 22
15 33
15 36
15 48
15 51
15 57
15 61
15 64
15 73
15 78
15 82
15 102
15 114
15 115
15 125
15 138
15 148
15 162
15 169
15 194
16 30
16 51
16 52
16 58
16 66
16 67
16 74
16 95
16 137
16 140
16 144
16 151
16 173
16 174
16 180
16 184
16 191
17 19
17 25
17 32
17 33
17 40
17 73
17 83
17 96
17 97
17 105
17 108
17 118
17 119
17 120
17 121
17 128
17 142
17 146
17 151
17 159
17 162
17 163
17 166
17 174
17 189
18 29
18 51
18 59
18 60
18 62
18 77
18 106
18 107
18 116
18 124
18 137
18 140
18 153
18 170
18 171
18 175
18 183
18 186
18 195
19 20
19 33
19 43
19 51
19 52
19 53
19 58
19 63
19 67
19 81
19 83
19 87
19 93
19 99
19 110
19 111
19 118
19 130
19 131
19 134
19 139
19 145
19 150
19 151
19 158
19 169
19 176
19 183
20 25
20 28
20 30
20 38
20 39
20 42
20 66
20 78
20 90
20 110
20 120
20 137
20 139
20 164
20 165
20 178
20 182
20 187
21 27
21 36
21 42
21 49
21 53
21 55
21 69
21 80
21 87
21 89
21 95
21 115
21 116
21 119
21 130
21 131
21 135
21 136
21 139
21 165
21 189
22 23
22 29
22 49
22 60
22 63
22 76
22 93
22 99
22 105
22 106
22 110
22 131
22 132
22 133
22 151
22 153
22 157
22 170
22 194
23 25
23 36
23 40
23 48
23 50
23 67
23 79
23 83
23 89
23 95
23 115
23 125
23 130
23 142
23 145
23 157
23 167
23 169
23 181
23 190
24 52
24 68
24 71
24 73
24 82
24 83
24 84
24 89
24 93
24 97
24 98
24 118
24 120
24 122
24 123
24 131
24 137
24 146
24 171
24 175
24 178
24 183
24 185
24 195
25 29
25 31
25 36
25 38
25 53
25 54
25 55
25 65
25 67
25 69
25 83
25 84
25 87
25 102
25 103
25 108
25 109
25 116
25 120
25 130
25 135
25 151
25 175
25 176
25 181
25 197
26 34
26 38
26 39
26 49
26 53
26 60
26 69
26 84
26 87
26 94
26 103
26 124
26 133
26 143
26 163
26 170
26 172
26 179
26 180
26 187
26 196
27 31
27 33
27 36
27 41
27 43
27 46
27 52
27 57
27 58
27 59
27 67
27 70
27 72
27 116
27 129
27 143
27 150
27 164
27 168
27 169
27 187
27 192
27 195
28 43
28 51
28 65
28 78
28 79
28 94
28 98
28 113
28 126
28 138
28 149
28 156
28 162
28 175
28 185
28 190
29 39
29 47
29 52
29 54
29 60
29 66
29 67
29 69
29 75
29 98
29 99
29 115
29 118
29 122
29 131
29 132
29 142
29 151
29 172
29 179
29 182
29 196
30 42
30 64
30 72
30 80
30 83
30 84
30 88
30 90
30 91
30 101
30 107
30 124
30 125
30 136
30 154
30 164
30 174
30 183
30 193
31 34
31 36
31 41
31 55
31 56
31 59
31 62
31 68
31 72
31 75
31 79
31 83
31 95
31 97
31 100
31 112
31 120
31 128
31 131
31 135
31 151
31 155
31 156
31 159
31 174
31 177
31 180
31 186
32 41
32 43
32 50
32 64
32 81
32 94
32 111
32 113
32 126
32 141
32 151
32 152
32 155
32 157
32 161
32 166
32 181
32 188
32 195
33 34
33 40
33 46
33 56
33 58
33 74
33 83
33 90
33 104
33 117
33 123
33 129
33 133
33 136
33 139
33 141
33 152
33 174
33 191
33 192
33 193
34 44
34 46
34 55
34 74
34 75
34 76
34 84
34 92
34 99
34 108
34 109
34 111
34 112
34 135
34 146
34 148
34 151
34 158
34 167
34 172
34 198
35 50
35 56
35 61
35 71
35 90
35 94
35 98
35 105
35 109
35 110
35 118
35 137
35 153
35 166
35 183
36 47
36 52
36 71
36 81
36 86
36 94
36 97
36 99
36 109
36 117
36 139
36 146
36 149
36 170
36 172
36 199
37 61
37 62
37 64
37 67
37 79
37 81
37 112
37 142
37 148
37 157
37 185
37 187
37 189
37 195
38 47
38 50
38 56
38 63
38 69
38 72
38 113
38 124
38 134
38 154
38 161
38 184
38 194
38 195
39 47
39 49
39 55
39 56
39 57
39 58
39 59
39 70
39 81
39 83
39 85
39 87
39 102
39 108
39 110
39 118
39 125
39 134
39 139
39 143
39 152
39 162
39 163
39 166
39 177
39 179
39 180
39 186
39 196
40 43
40 46
40 68
40 69
40 78
40 114
40 164
40 165
40 170
40 171
40 185
41 42
41 46
41 59
41 60
41 98
41 102
41 113
41 120
41 124
41 126
41 130
41 133
41 137
41 140
41 156
41 167
41 177
41 180
41 181
41 192
41 196
42 49
42 53
42 56
42 58
42 75
42 89
42 95
42 97
42 105
42 123
42 125
42 157
42 165
42 169
42 178
42 184
42 196
43 53
43 54
43 60
43 70
43 83
43 87
43 115
43 132
43 137
43 140
43 159
43 164
43 169
43 176
43 179
44 46
44 64
44 68
44 71
44 73
44 78
44 82
44 85
44 87
44 102
44 132
44 139
44 140
44 144
44 154
44 160
44 167
44 178
44 188
44 191
44 193
44 198
45 59
45 73
45 96
45 99
45 115
45 116
45 139
45 141
45 143
45 155
45 157
45 162
45 167
45 175
45 194
45 198
46 60
46 64
46 83
46 88
46 105
46 106
46 107
46 108
46 115
46 117
46 130
46 141
46 155
46 177
46 180
46 184
46 185
46 197
47 53
47 56
47 63
47 75
47 80
47 83
47 87
47 112
47 122
47 123
47 136
47 138
47 150
47 151
47 153
47 155
47 164
47 178
47 192
47 193
47 196
48 56
48 64
48 69
48 74
48 91
48 94
48 105
48 125
48 138
48 142
48 148
48 149
48 157
48 181
48 192
48 196
49 51
49 54
49 58
49 65
49 69
49 73
49 80
49 82
49 87
49 89
49 107
49 131
49 133
49 140
49 146
49 155
49 166
49 170
49 178
49 183
50 51
50 52
50 54
50 56
50 62
50 90
50 105
50 115
50 133
50 137
50 139
50 146
50 152
50 156
50 162
50 163
50 174
50 190
51 53
51 65
51 74
51 75
51 91
51 92
51 96
51 98
51 108
51 114
51 139
51 144
51 145
51 159
51 161
51 165
51 171
51 172
51 173
51 188
51 191
52 61
52 70
52 75
52 99
52 103
52 112
52 114
52 122
52 124
52 139
52 154
52 160
52 179
52 186
52 189
52 198
53 68
53 84
53 94
53 97
53 101
53 147
53 174
53 182
54 63
54 66
54 76
54 80
54 85
54 87
54 99
54 100
54 114
54 116
54 146
54 150
54 158
54 162
54 170
54 179
54 184
54 192
55 77
55 83
55 98
55 108
55 121
55 126
55 149
55 152
55 176
55 181
55 185
55 187
55 197
56 62
56 69
56 73
56 76
56 80
56 90
56 92
56 94
56 96
56 110
56 127
56 148
56 149
56 153
56 162
56 163
56 167
56 181
56 183
56 184
56 187
56 191
57 58
57 63
57 66
57 68
57 86
57 88
57 89
57 111
57 119
57 121
57 124
57 133
57 158
57 172
57 195
57 197
58 61
58 62
58 84
58 87
58 98
58 107
58 109
58 110
58 117
58 127
58 153
58 157
58 166
58 169
58 177
58 191
59 64
59 75
59 76
59 79
59 86
59 102
59 116
59 124
59 128
59 130
59 132
59 134
59 152
59 153
59 176
59 190
59 192
60 64
60 74
60 76
60 88
60 93
60 115
60 128
60 133
60 155
60 159
60 163
61 75
61 76
61 77
61 98
61 109
61 121
61 133
61 139
61 142
61 144
61 146
61 155
61 159
61 168
61 175
61 184
62 68
62 73
62 79
62 88
62 94
62 119
62 136
62 137
62 140
62 150
62 170
62 171
62 177
62 188
63 81
63 102
63 105
63 106
63 119
63 125
63 147
63 150
63 153
63 155
63 165
63 167
63 174
63 184
63 186
64 65
64 72
64 92
64 119
64 124
64 138
64 144
64 157
64 196
65 78
65 82
65 86
65 106
65 107
65 118
65 125
65 126
65 130
65 141
65 152
65 171
65 186
65 187
66 87
66 89
66 100
66 102
66 121
66 131
66 137
66 167
66 177
66 181
66 182
66 199
67 89
67 91
67 106
67 139
67 148
67 159
67 162
67 179
67 186
67 194
67 197
68 75
68 77
68 85
68 90
68 104
68 105
68 111
68 123
68 126
68 156
68 159
68 173
68 179
68 183
69 77
69 96
69 97
69 108
69 119
69 127
69 128
69 131
69 132
69 133
69 139
69 158
69 163
70 80
70 93
70 101
70 123
70 131
70 137
70 140
70 150
70 152
70 153
70 155
70 163
70 166
70 193
71 82
71 83
71 94
71 103
71 110
71 123
71 124
71 126
71 139
71 143
71 152
71 162
71 172
71 175
71 187
72 76
72 81
72 103
72 107
72 109
72 114
72 116
72 119
72 121
72 123
72 135
72 147
72 163
72 168
72 172
72 184
72 194
72 195
72 196
73 83
73 104
73 107
73 109
73 129
73 138
73 139
73 142
73 144
73 146
73 150
73 154
73 158
73 186
74 81
74 91
74 101
74 112
74 114
74 125
74 150
74 151
74 162
74 163
74 166
74 168
74 178
74 180
74 181
75 77
75 93
75 99
75 122
75 136
75 137
75 153
75 160
75 163
75 170
75 185
75 191
76 77
76 81
76 83
76 102
76 116
76 139
76 149
76 158
76 164
76 195
77 89
77 96
77 109
77 120
77 123
77 124
77 138
77 139
77 158
77 162
77 166
77 173
77 184
77 191
77 197
78 93
78 96
78 115
78 119
78 130
78 134
78 139
78 144
78 146
78 162
78 164
78 167
78 168
78 174
78 186
78 193
79 85
79 86
79 91
79 94
79 120
79 130
79 142
79 145
79 148
79 152
79 161
79 162
79 173
79 178
79 179
79 188
80 89
80 90
80 92
80 101
80 114
80 138
80 157
80 158
80 175
80 188
80 199
81 82
81 83
81 96
81 99
81 103
81 121
81 129
81 157
81 158
81 175
81 188
82 89
82 96
82 97
82 102
82 103
82 109
82 122
82 125
82 131
82 140
82 147
82 149
82 150
82 160
82 166
82 167
82 179
82 186
82 199
83 85
83 111
83 120
83 127
83 130
83 145
83 150
83 168
83 176
83 186
83 190
83 194
84 85
84 91
84 98
84 104
84 111
84 112
84 122
84 125
84 131
84 161
84 162
84 174
84 176
84 179
84 190
85 97
85 101
85 112
85 119
85 122
85 161
85 164
85 179
85 182
85 185
85 187
85 189
86 93
86 107
86 120
86 134
86 141
86 148
86 157
86 169
86 172
86 180
86 181
86 189
87 89
87 91
87 99
87 126
87 140
87 157
87 184
87 193
88 94
88 97
88 102
88 111
88 124
88 128
88 134
88 137
88 141
88 150
88 166
88 180
88 194
89 91
89 103
89 105
89 108
89 111
89 114
89 122
89 124
89 128
89 132
89 142
89 145
89 149
89 150
89 152
89 166
89 168
89 177
90 101
90 104
90 128
90 129
90 136
90 144
90 159
90 173
90 174
90 181
91 96
91 124
91 140
91 141
91 157
91 158
91 159
91 162
91 166
91 172
91 176
91 179
91 198
92 99
92 106
92 119
92 123
92 136
92 138
92 141
92 148
92 150
92 152
92 158
92 165
92 171
92 173
92 174
92 178
92 184
92 193
92 195
92 196
92 199
93 97
93 103
93 105
93 114
93 127
93 147
93 183
94 95
94 117
94 126
94 136
94 141
94 144
94 161
94 164
94 185
94 193
95 96
95 119
95 123
95 137
95 138
95 149
95 153
95 160
95 166
95 178
95 186
95 191
95 194
96 103
96 119
96 138
96 142
96 149
96 167
96 179
97 113
97 119
97 123
97 142
97 151
97 152
97 161
97 175
97 179
97 186
97 187
98 99
98 105
98 112
98 113
98 123
98 134
98 138
98 142
98 146
98 154
98 160
98 165
98 172
98 178
98 191
99 108
99 112
99 153
99 157
99 159
99 164
99 169
99 171
99 177
99 181
100 102
100 109
100 117
100 125
100 133
100 134
100 144
100 159
100 168
100 191
101 105
101 113
101 119
101 120
101 143
101 152
101 171
101 173
101 176
101 186
102 122
102 129
102 133
102 157
102 164
102 166
102 174
102 175
102 198
103 105
103 115
103 116
103 145
103 147
103 162
103 168
103 178
103 181
103 183
103 194
103 197
103 199
104 113
104 114
104 115
104 133
104 140
104 149
104 181
104 188
104 197
104 199
105 113
105 117
105 123
105 125
105 153
105 159
105 171
105 190
105 191
105 195
105 198
106 118
106 121
106 133
106 144
106 163
106 165
106 199
107 113
107 121
107 125
107 126
107 127
107 134
107 140
107 142
107 143
107 144
107 145
107 162
107 163
107 165
107 166
107 178
107 186
107 190
108 111
108 117
108 133
108 137
108 152
108 166
108 170
108 184
108 196
109 118
109 122
109 136
109 141
109 142
109 147
109 148
109 151
109 154
109 173
109 180
109 186
109 191
109 194
109 196
110 118
110 119
110 137
110 139
110 140
110 149
110 152
110 154
110 170
110 188
110 196
110 199
111 114
111 134
111 170
111 172
111 194
112 122
112 140
112 163
112 167
112 172
112 178
112 181
113 124
113 139
113 144
113 146
113 148
113 155
113 161
113 176
113 177
114 128
114 154
114 168
114 170
114 175
114 176
114 189
115 116
115 119
115 124
115 162
115 164
115 173
115 175
115 188
115 192
116 117
116 120
116 130
116 154
116 159
116 161
116 167
116 174
116 188
116 197
117 120
117 130
117 138
117 156
117 162
117 175
117 178
117 198
118 120
118 128
118 139
118 140
118 144
118 160
118 171
118 176
118 181
118 190
118 193
118 195
118 198
119 128
119 150
119 151
119 154
119 157
119 158
119 166
119 184
119 193
120 122
120 131
120 134
120 140
120 145
120 166
120 167
120 169
120 183
121 122
121 125
121 127
121 129
121 142
121 176
121 192
122 124
122 153
122 154
122 163
122 174
122 175
122 186
123 143
123 171
123 172
123 190
123 195
124 139
124 145
124 152
124 159
124 166
124 170
124 174
124 179
124 194
125 127
125 140
125 141
125 160
125 173
126 137
126 147
126 165
126 168
126 174
126 178
126 190
127 141
127 148
127 158
127 159
127 164
127 187
127 190
128 139
128 142
128 143
128 148
128 151
128 153
128 159
128 167
128 172
128 184
128 189
128 190
128 193
129 130
129 145
129 147
129 150
129 153
129 159
129 179
129 182
129 195
130 146
130 149
130 155
130 166
130 168
130 170
130 172
130 177
131 134
131 141
131 153
131 172
131 181
131 195
132 137
132 142
132 146
132 161
132 165
132 170
132 186
132 191
132 193
133 155
133 166
133 172
133 173
133 182
133 184
133 186
133 187
134 148
134 179
135 157
135 175
135 190
135 192
136 138
136 139
136 140
136 144
136 159
136 163
136 170
136 184
136 185
136 186
136 194
136 198
137 140
137 170
137 175
137 190
137 191
137 193
138 142
138 153
138 157
138 158
138 170
138 174
138 196
139 154
139 158
139 161
139 172
140 143
140 149
140 156
140 177
140 180
140 190
140 195
140 196
141 152
141 163
141 164
141 174
141 176
141 196
141 198
142 145
142 149
142 153
142 195
143 151
143 152
143 162
143 179
144 151
144 156
144 160
144 170
144 184
144 195
144 196
145 147
145 155
145 156
145 157
145 168
145 181
145 183
145 186
145 188
146 151
146 157
146 158
146 169
146 180
146 182
146 199
147 156
147 164
147 168
147 170
147 179
147 186
148 152
148 159
148 164
148 172
148 175
148 187
148 188
148 190
148 191
149 154
149 158
149 160
149 164
149 170
149 184
149 185
149 194
149 198
150 157
150 159
150 165
150 175
150 186
150 191
151 155
151 161
151 177
151 179
151 183
151 187
151 192
151 196
152 153
152 160
152 174
152 177
153 160
153 166
153 181
153 183
153 184
153 191
154 158
154 163
154 173
154 176
154 181
154 186
155 160
155 168
155 169
155 175
155 179
155 198
156 181
156 188
156 199
157 161
157 170
157 171
157 178
157 182
158 174
158 185
158 190
158 193
158 196
159 167
159 171
159 185
159 187
159 196
160 179
160 184
160 185
160 197
160 198
161 163
161 165
161 173
161 184
161 188
161 190
162 166
162 172
162 173
162 179
162 190
163 168
163 183
163 185
163 197
165 179
165 183
166 173
166 188
167 168
167 172
167 176
167 180
167 183
167 184
167 193
168 189
168 193
169 173
169 178
169 182
169 195
170 186
170 192
171 173
171 179
171 187
171 195
171 196
172 178
172 184
172 196
174 178
174 182
174 183
174 198
175 182
175 198
175 199
176 180
176 183
176 194
176 198
177 185
177 189
177 193
177 197
178 187
178 189
178 195
178 196
179 183
179 184
179 185
179 188
179 194
179 198
181 185
181 195
182 189
182 193
183 186
183 196
183 197
184 190
184 197
184 199
185 186
185 188
185 195
186 188
186 198
187 199
189 191
189 192
189 195
189 197
196 197
