0 4
0 5
0 6
0 9
0 11
0 12
0 13
0 16
0 17
0 25
0 27
0 35
0 38
0 42
0 44
0 47
0 48
0 50
0 54
0 58
0 59
0 64
0 68
0 69
0 73
0 75
0 78
0 79
0 80
0 82
0 92
0 93
0 95
0 96
0 97
0 104
0 110
0 114
0 115
0 117
0 122
0 131
0 133
0 138
0 139
0 149
0 150
0 152
0 154
0 156
0 157
0 162
0 165
0 167
0 170
0 171
0 172
0 175
0 176
0 180
0 183
0 184
0 186
0 187
0 191
0 193
0 194
1 4
1 7
1 9
1 10
1 16
1 17
1 18
1 22
1 24
1 26
1 27
1 28
1 29
1 36
1 38
1 39
1 43
1 45
1 54
1 57
1 59
1 63
1 65
1 67
1 72
1 75
1 79
1 80
1 84
1 97
1 99
1 100
1 102
1 105
1 107
1 108
1 112
1 113
1 114
1 117
1 120
1 124
1 128
1 130
1 133
1 134
1 137
1 145
1 147
1 150
1 151
1 153
1 155
1 156
1 160
1 161
1 163
1 166
1 169
1 170
1 174
1 178
1 179
1 181
1 185
1 187
1 188
1 191
1 192
1 193
1 198
1 199
2 5
2 7
2 8
2 9
2 19
2 20
2 25
2 27
2 28
2 32
2 35
2 37
2 38
2 39
2 40
2 50
2 51
2 53
2 57
2 59
2 60
2 62
2 64
2 65
2 66
2 74
2 77
2 88
2 90
2 100
2 101
2 105
2 107
2 108
2 112
2 119
2 125
2 126
2 129
2 136
2 137
2 143
2 150
2 153
2 156
2 157
2 158
2 159
2 164
2 165
2 169
2 172
2 174
2 177
2 181
2 182
2 184
2 188
2 190
2 193
2 194
2 195
2 199
3 4
3 5
3 9
3 20
3 24
3 27
3 30
3 31
3 32
3 33
3 34
3 38
3 41
3 44
3 46
3 59
3 71
3 73
3 74
3 75
3 77
3 80
3 82
3 83
3 87
3 89
3 91
3 95
3 96
3 98
3 99
3 102
3 109
3 114
3 121
3 122
3 123
3 126
3 128
3 129
3 132
3 138
3 145
3 146
3 154
3 157
3 162
3 163
3 164
3 165
3 170
3 177
3 179
3 181
3 183
3 187
3 189
3 194
3 196
3 197
3 198
3 199
4 5
4 9
4 16
4 19
4 20
4 27
4 30
4 31
4 32
4 36
4 37
4 38
4 40
4 42
4 43
4 45
4 47
4 55
4 56
4 57
4 60
4 63
4 64
4 66
4 68
4 69
4 70
4 73
4 76
4 79
4 80
4 82
4 84
4 89
4 91
4 95
4 96
4 105
4 108
4 110
4 111
4 119
4 121
4 123
4 125
4 126
4 128
4 129
4 130
4 131
4 133
4 137
4 141
4 147
4 154
4 158
4 163
4 165
4 166
4 167
4 171
4 172
4 177
4 180
4 184
4 186
4 189
4 190
4 193
4 196
4 198
4 199
5 10
5 11
5 12
5 13
5 14
5 15
5 16
5 17
5 19
5 21
5 22
5 25
5 30
5 31
5 32
5 37
5 40
5 43
5 46
5 47
5 50
5 54
5 67
5 69
5 72
5 76
5 80
5 82
5 84
5 86
5 87
5 89
5 90
5 99
5 100
5 105
5 106
5 111
5 115
5 116
5 118
5 119
5 125
5 127
5 128
5 130
5 133
5 140
5 141
5 142
5 143
5 146
5 152
5 153
5 154
5 156
5 159
5 161
5 163
5 165
5 169
5 174
5 175
5 178
5 180
5 186
5 190
5 192
5 193
5 199
6 7
6 17
6 19
6 21
6 27
6 28
6 29
6 38
6 40
6 44
6 46
6 47
6 49
6 50
6 55
6 60
6 65
6 70
6 77
6 79
6 87
6 88
6 91
6 93
6 96
6 100
6 102
6 104
6 105
6 110
6 111
6 115
6 118
6 121
6 123
6 125
6 128
6 131
6 133
6 134
6 135
6 137
6 141
6 142
6 143
6 145
6 146
6 149
6 154
6 155
6 160
6 167
6 177
6 183
6 186
6 190
6 194
6 195
7 8
7 15
7 17
7 19
7 28
7 31
7 36
7 37
7 41
7 44
7 61
7 63
7 68
7 69
7 72
7 74
7 76
7 80
7 83
7 85
7 91
7 94
7 96
7 98
7 99
7 100
7 102
7 105
7 107
7 113
7 119
7 120
7 125
7 127
7 128
7 129
7 131
7 133
7 136
7 143
7 151
7 152
7 156
7 162
7 167
7 168
7 169
7 170
7 172
7 174
7 176
7 177
7 181
7 183
7 184
7 185
7 186
7 187
7 188
7 193
7 195
7 197
8 13
8 18
8 19
8 24
8 25
8 34
8 35
8 39
8 44
8 51
8 52
8 54
8 61
8 63
8 65
8 70
8 72
8 73
8 77
8 78
8 79
8 80
8 81
8 82
8 91
8 92
8 95
8 99
8 102
8 104
8 106
8 112
8 114
8 115
8 116
8 117
8 122
8 127
8 128
8 140
8 144
8 148
8 151
8 165
8 169
8 171
8 176
8 182
8 184
8 188
8 189
8 191
8 196
9 11
9 13
9 14
9 16
9 18
9 23
9 24
9 26
9 27
9 29
9 35
9 37
9 39
9 41
9 42
9 45
9 49
9 51
9 53
9 63
9 67
9 78
9 81
9 82
9 83
9 84
9 85
9 87
9 88
9 91
9 97
9 99
9 103
9 106
9 107
9 108
9 110
9 123
9 125
9 126
9 129
9 133
9 134
9 135
9 137
9 138
9 141
9 142
9 143
9 145
9 148
9 154
9 155
9 159
9 161
9 162
9 167
9 179
9 180
9 182
9 187
9 190
9 193
10 12
10 19
10 23
10 25
10 26
10 29
10 32
10 35
10 37
10 38
10 39
10 42
10 46
10 48
10 52
10 53
10 54
10 61
10 62
10 69
10 75
10 77
10 79
10 82
10 87
10 91
10 97
10 98
10 100
10 101
10 102
10 103
10 104
10 106
10 107
10 110
10 117
10 118
10 120
10 123
10 124
10 126
10 127
10 136
10 139
10 140
10 149
10 150
10 153
10 154
10 157
10 158
10 160
10 166
10 167
10 168
10 171
10 172
10 174
10 176
10 183
10 190
10 194
10 196
10 197
10 199
11 18
11 19
11 21
11 24
11 30
11 34
11 35
11 40
11 48
11 49
11 51
11 60
11 74
11 75
11 77
11 80
11 83
11 84
11 85
11 90
11 94
11 96
11 98
11 101
11 102
11 103
11 104
11 107
11 108
11 113
11 121
11 122
11 124
11 131
11 136
11 154
11 157
11 159
11 163
11 166
11 169
11 170
11 177
11 180
11 181
11 184
11 192
11 197
11 198
11 199
12 13
12 14
12 15
12 19
12 20
12 21
12 25
12 27
12 30
12 37
12 38
12 40
12 42
12 43
12 48
12 50
12 51
12 52
12 53
12 54
12 66
12 72
12 73
12 75
12 81
12 82
12 83
12 84
12 86
12 92
12 95
12 96
12 97
12 102
12 104
12 105
12 107
12 110
12 113
12 114
12 116
12 118
12 119
12 121
12 127
12 128
12 132
12 142
12 151
12 154
12 157
12 159
12 163
12 164
12 165
12 167
12 168
12 169
12 171
12 174
12 177
12 181
12 185
12 186
12 187
12 188
12 191
12 192
12 194
12 197
13 18
13 19
13 23
13 28
13 29
13 33
13 42
13 44
13 47
13 48
13 51
13 54
13 57
13 62
13 71
13 72
13 73
13 74
13 77
13 78
13 88
13 89
13 91
13 94
13 99
13 101
13 102
13 107
13 108
13 112
13 116
13 118
13 120
13 127
13 129
13 130
13 133
13 139
13 142
13 143
13 144
13 149
13 150
13 152
13 153
13 161
13 168
13 169
13 173
13 175
13 179
13 181
13 189
13 190
13 191
13 192
13 193
13 195
13 198
14 15
14 19
14 23
14 25
14 26
14 27
14 29
14 32
14 34
14 36
14 39
14 41
14 42
14 43
14 44
14 51
14 53
14 57
14 62
14 64
14 65
14 66
14 67
14 72
14 73
14 76
14 77
14 78
14 79
14 81
14 82
14 85
14 89
14 98
14 99
14 101
14 102
14 104
14 105
14 106
14 109
14 111
14 112
14 115
14 118
14 120
14 125
14 128
14 129
14 134
14 140
14 149
14 151
14 153
14 156
14 157
14 158
14 166
14 171
14 183
14 184
14 186
14 190
14 191
14 193
14 196
14 197
15 20
15 21
15 27
15 28
15 29
15 31
15 32
15 38
15 42
15 43
15 44
15 47
15 49
15 53
15 59
15 62
15 63
15 66
15 67
15 72
15 76
15 77
15 83
15 84
15 85
15 87
15 91
15 93
15 94
15 96
15 97
15 98
15 100
15 102
15 107
15 111
15 113
15 114
15 115
15 120
15 122
15 123
15 126
15 128
15 129
15 130
15 131
15 134
15 135
15 136
15 138
15 140
15 141
15 143
15 145
15 156
15 160
15 163
15 165
15 166
15 179
15 182
15 183
15 186
15 189
15 191
15 192
15 194
15 195
16 17
16 32
16 33
16 35
16 36
16 45
16 46
16 48
16 50
16 51
16 53
16 54
16 55
16 56
16 58
16 59
16 62
16 63
16 67
16 71
16 76
16 77
16 80
16 83
16 89
16 91
16 92
16 101
16 103
16 109
16 110
16 112
16 116
16 128
16 133
16 136
16 144
16 148
16 150
16 154
16 159
16 161
16 163
16 166
16 169
16 174
16 175
16 179
16 189
16 192
16 193
17 20
17 21
17 26
17 30
17 33
17 35
17 40
17 41
17 43
17 44
17 51
17 54
17 55
17 57
17 58
17 59
17 69
17 70
17 75
17 77
17 81
17 83
17 84
17 88
17 93
17 98
17 102
17 105
17 106
17 109
17 110
17 112
17 120
17 123
17 131
17 135
17 137
17 142
17 145
17 146
17 148
17 158
17 162
17 165
17 170
17 172
17 173
17 176
17 179
17 180
17 181
17 184
17 185
17 189
17 192
17 196
18 22
18 28
18 29
18 30
18 32
18 43
18 48
18 49
18 51
18 55
18 57
18 58
18 61
18 66
18 68
18 69
18 73
18 77
18 78
18 82
18 86
18 91
18 94
18 99
18 102
18 109
18 112
18 121
18 132
18 133
18 134
18 136
18 138
18 143
18 145
18 151
18 153
18 155
18 156
18 158
18 161
18 163
18 165
18 166
18 170
18 173
18 174
18 178
18 181
18 186
18 187
18 191
18 199
19 21
19 25
19 29
19 30
19 34
19 35
19 37
19 41
19 42
19 50
19 51
19 53
19 55
19 58
19 61
19 62
19 63
19 65
19 66
19 67
19 69
19 74
19 75
19 82
19 85
19 87
19 89
19 90
19 96
19 97
19 99
19 101
19 102
19 110
19 113
19 114
19 115
19 121
19 122
19 124
19 125
19 126
19 130
19 131
19 135
19 136
19 137
19 142
19 144
19 146
19 148
19 150
19 154
19 155
19 156
19 162
19 167
19 169
19 178
19 179
19 183
19 188
19 189
19 193
20 22
20 25
20 27
20 30
20 31
20 35
20 36
20 47
20 49
20 50
20 51
20 53
20 54
20 57
20 58
20 60
20 61
20 66
20 67
20 72
20 73
20 74
20 78
20 80
20 82
20 90
20 92
20 95
20 97
20 98
20 99
20 105
20 108
20 110
20 112
20 113
20 114
20 117
20 120
20 126
20 129
20 131
20 141
20 149
20 155
20 158
20 159
20 160
20 167
20 170
20 171
20 173
20 176
20 178
20 183
20 184
20 191
20 194
20 196
20 198
21 25
21 26
21 33
21 34
21 38
21 40
21 41
21 57
21 62
21 65
21 73
21 74
21 77
21 79
21 88
21 89
21 92
21 93
21 94
21 95
21 96
21 98
21 101
21 102
21 107
21 111
21 112
21 114
21 117
21 121
21 124
21 127
21 133
21 134
21 138
21 141
21 142
21 143
21 145
21 150
21 153
21 159
21 161
21 167
21 170
21 172
21 176
21 185
21 188
21 189
21 192
21 193
21 195
21 197
22 23
22 24
22 25
22 28
22 32
22 36
22 45
22 48
22 49
22 50
22 51
22 52
22 53
22 54
22 57
22 61
22 62
22 64
22 68
22 72
22 78
22 79
22 81
22 82
22 83
22 84
22 86
22 87
22 88
22 89
22 91
22 96
22 100
22 103
22 106
22 107
22 108
22 109
22 110
22 117
22 118
22 123
22 135
22 136
22 137
22 139
22 140
22 143
22 144
22 149
22 152
22 153
22 155
22 158
22 164
22 166
22 170
22 171
22 172
22 178
22 179
22 182
22 183
22 185
22 194
22 197
22 199
23 25
23 26
23 27
23 31
23 33
23 35
23 42
23 45
23 47
23 52
23 56
23 58
23 61
23 69
23 70
23 71
23 74
23 76
23 77
23 78
23 79
23 84
23 88
23 91
23 93
23 95
23 97
23 102
23 106
23 110
23 112
23 113
23 116
23 121
23 122
23 129
23 130
23 131
23 134
23 138
23 141
23 143
23 155
23 157
23 158
23 160
23 161
23 163
23 168
23 170
23 179
23 180
23 181
23 183
23 192
23 194
24 28
24 29
24 30
24 31
24 36
24 37
24 38
24 40
24 42
24 43
24 44
24 49
24 51
24 55
24 56
24 59
24 61
24 63
24 65
24 69
24 75
24 80
24 83
24 90
24 95
24 98
24 101
24 102
24 105
24 111
24 112
24 115
24 122
24 123
24 132
24 138
24 145
24 146
24 148
24 151
24 152
24 154
24 158
24 159
24 160
24 162
24 165
24 169
24 171
24 174
24 176
24 178
24 179
24 181
24 182
24 183
24 187
24 188
24 190
24 192
24 193
24 196
25 30
25 32
25 33
25 38
25 39
25 41
25 45
25 47
25 51
25 58
25 62
25 71
25 72
25 77
25 82
25 85
25 86
25 91
25 92
25 93
25 96
25 100
25 105
25 107
25 108
25 110
25 115
25 125
25 127
25 129
25 136
25 137
25 140
25 144
25 146
25 148
25 151
25 153
25 159
25 160
25 165
25 166
25 167
25 170
25 174
25 175
25 176
25 180
25 181
25 183
25 184
25 185
25 196
26 30
26 31
26 37
26 44
26 45
26 48
26 52
26 55
26 57
26 61
26 62
26 70
26 72
26 78
26 79
26 83
26 87
26 90
26 96
26 103
26 109
26 110
26 114
26 118
26 120
26 123
26 125
26 126
26 127
26 130
26 131
26 133
26 134
26 135
26 136
26 137
26 139
26 143
26 145
26 146
26 149
26 150
26 152
26 155
26 160
26 162
26 163
26 169
26 171
26 172
26 175
26 183
26 186
26 187
26 188
26 190
26 193
26 196
26 199
27 29
27 31
27 32
27 33
27 34
27 39
27 40
27 41
27 42
27 44
27 47
27 55
27 56
27 59
27 60
27 61
27 65
27 68
27 79
27 86
27 88
27 96
27 100
27 101
27 109
27 110
27 116
27 118
27 122
27 123
27 127
27 128
27 130
27 134
27 136
27 140
27 142
27 145
27 151
27 152
27 153
27 154
27 165
27 166
27 168
27 169
27 172
27 174
27 175
27 186
27 193
27 196
27 199
28 29
28 30
28 32
28 34
28 42
28 54
28 55
28 58
28 59
28 63
28 67
28 69
28 72
28 73
28 74
28 77
28 81
28 83
28 85
28 91
28 101
28 102
28 103
28 105
28 106
28 108
28 110
28 113
28 115
28 118
28 123
28 125
28 128
28 135
28 139
28 141
28 145
28 156
28 162
28 167
28 172
28 175
28 176
28 178
28 179
28 186
28 191
28 192
28 193
28 195
28 196
29 30
29 35
29 37
29 40
29 41
29 43
29 44
29 45
29 46
29 48
29 50
29 52
29 54
29 55
29 60
29 62
29 65
29 66
29 67
29 72
29 74
29 76
29 79
29 82
29 86
29 88
29 93
29 100
29 113
29 114
29 115
29 116
29 117
29 119
29 120
29 122
29 123
29 124
29 127
29 129
29 131
29 137
29 144
29 146
29 147
29 148
29 150
29 152
29 156
29 157
29 158
29 159
29 161
29 163
29 184
29 186
29 189
29 191
29 195
29 199
30 33
30 34
30 35
30 41
30 42
30 46
30 47
30 48
30 49
30 55
30 57
30 61
30 62
30 64
30 65
30 67
30 72
30 75
30 80
30 81
30 82
30 87
30 90
30 94
30 99
30 102
30 104
30 106
30 107
30 109
30 110
30 114
30 117
30 123
30 126
30 127
30 133
30 134
30 135
30 137
30 138
30 139
30 142
30 144
30 146
30 147
30 151
30 154
30 155
30 159
30 166
30 167
30 170
30 171
30 172
30 174
30 175
30 180
30 183
30 186
30 189
30 193
30 194
31 34
31 36
31 41
31 42
31 43
31 47
31 49
31 51
31 54
31 57
31 66
31 67
31 77
31 81
31 83
31 86
31 93
31 95
31 96
31 97
31 98
31 102
31 103
31 116
31 120
31 121
31 130
31 132
31 133
31 136
31 140
31 141
31 144
31 147
31 149
31 150
31 153
31 156
31 157
31 159
31 160
31 164
31 165
31 167
31 169
31 171
31 175
31 181
31 185
31 190
31 191
31 196
31 199
32 33
32 35
32 36
32 38
32 45
32 46
32 48
32 54
32 60
32 64
32 67
32 70
32 74
32 75
32 76
32 77
32 82
32 83
32 85
32 88
32 91
32 92
32 97
32 101
32 104
32 107
32 108
32 111
32 115
32 121
32 126
32 130
32 134
32 136
32 138
32 139
32 140
32 142
32 143
32 147
32 149
32 150
32 152
32 153
32 156
32 158
32 160
32 162
32 166
32 167
32 168
32 170
32 174
32 178
32 179
32 180
32 181
32 194
32 195
32 196
32 198
33 34
33 36
33 38
33 39
33 40
33 45
33 47
33 48
33 49
33 57
33 61
33 67
33 69
33 75
33 81
33 82
33 83
33 85
33 87
33 89
33 91
33 93
33 94
33 95
33 100
33 105
33 108
33 109
33 111
33 112
33 113
33 114
33 118
33 120
33 129
33 132
33 135
33 136
33 137
33 141
33 142
33 144
33 147
33 151
33 155
33 157
33 159
33 160
33 162
33 163
33 169
33 179
33 182
33 186
33 189
33 196
34 39
34 40
34 44
34 45
34 46
34 47
34 49
34 52
34 53
34 54
34 56
34 58
34 60
34 64
34 65
34 66
34 71
34 76
34 78
34 86
34 89
34 97
34 98
34 104
34 108
34 109
34 111
34 113
34 115
34 117
34 118
34 119
34 120
34 124
34 125
34 128
34 129
34 134
34 141
34 152
34 154
34 155
34 156
34 161
34 162
34 165
34 167
34 180
34 182
34 190
34 194
34 195
34 199
35 38
35 40
35 41
35 43
35 46
35 64
35 67
35 69
35 71
35 77
35 82
35 83
35 84
35 85
35 86
35 90
35 92
35 94
35 97
35 99
35 100
35 107
35 111
35 113
35 114
35 117
35 119
35 120
35 125
35 132
35 133
35 137
35 138
35 144
35 149
35 152
35 153
35 158
35 159
35 161
35 166
35 167
35 171
35 172
35 178
35 181
35 186
35 187
35 188
35 189
35 190
35 191
35 193
35 194
35 197
35 198
36 37
36 45
36 47
36 50
36 54
36 55
36 57
36 68
36 69
36 77
36 85
36 87
36 90
36 91
36 92
36 96
36 97
36 98
36 103
36 104
36 107
36 108
36 111
36 113
36 114
36 115
36 117
36 118
36 120
36 123
36 124
36 127
36 135
36 136
36 137
36 144
36 145
36 147
36 152
36 153
36 155
36 161
36 164
36 165
36 166
36 171
36 175
36 179
36 183
36 184
36 191
36 193
37 41
37 43
37 45
37 46
37 47
37 49
37 52
37 53
37 54
37 56
37 65
37 68
37 74
37 76
37 77
37 78
37 79
37 85
37 86
37 92
37 93
37 95
37 96
37 100
37 102
37 110
37 112
37 113
37 114
37 119
37 128
37 135
37 136
37 137
37 143
37 144
37 145
37 147
37 155
37 158
37 160
37 161
37 163
37 165
37 168
37 174
37 192
38 45
38 47
38 51
38 53
38 57
38 58
38 64
38 72
38 74
38 76
38 78
38 80
38 81
38 82
38 83
38 84
38 86
38 89
38 90
38 91
38 96
38 105
38 106
38 110
38 118
38 119
38 122
38 128
38 130
38 131
38 133
38 135
38 137
38 138
38 139
38 140
38 141
38 145
38 146
38 152
38 154
38 155
38 158
38 168
38 169
38 171
38 173
38 180
38 183
38 185
38 186
38 187
38 188
38 189
38 190
38 192
38 193
38 196
38 199
39 41
39 42
39 44
39 47
39 48
39 55
39 56
39 60
39 61
39 63
39 65
39 68
39 70
39 71
39 77
39 80
39 86
39 88
39 91
39 92
39 97
39 99
39 103
39 110
39 111
39 114
39 115
39 120
39 122
39 123
39 124
39 126
39 132
39 133
39 135
39 136
39 138
39 141
39 143
39 146
39 148
39 164
39 167
39 168
39 169
39 171
39 173
39 177
39 178
39 188
39 190
39 192
39 195
39 197
40 41
40 45
40 50
40 52
40 54
40 56
40 60
40 62
40 63
40 64
40 65
40 68
40 69
40 73
40 77
40 79
40 81
40 82
40 84
40 88
40 89
40 91
40 92
40 93
40 95
40 97
40 99
40 105
40 109
40 110
40 111
40 112
40 115
40 116
40 119
40 120
40 122
40 123
40 127
40 134
40 135
40 137
40 139
40 140
40 151
40 154
40 155
40 158
40 163
40 164
40 165
40 168
40 169
40 172
40 178
40 191
40 192
40 194
41 42
41 47
41 50
41 51
41 54
41 57
41 61
41 66
41 74
41 77
41 79
41 83
41 87
41 91
41 92
41 94
41 95
41 98
41 99
41 106
41 111
41 118
41 119
41 121
41 122
41 126
41 132
41 133
41 138
41 140
41 142
41 143
41 144
41 147
41 149
41 151
41 157
41 160
41 161
41 167
41 172
41 174
41 181
41 186
41 188
41 189
41 195
41 196
42 48
42 49
42 51
42 52
42 53
42 55
42 59
42 71
42 84
42 85
42 88
42 89
42 90
42 91
42 96
42 109
42 110
42 114
42 121
42 126
42 130
42 132
42 138
42 139
42 141
42 144
42 145
42 146
42 151
42 157
42 159
42 162
42 167
42 169
42 171
42 173
42 174
42 177
42 178
42 181
42 183
42 185
42 190
42 192
42 194
42 195
42 197
42 199
43 50
43 51
43 52
43 55
43 59
43 62
43 67
43 69
43 71
43 72
43 73
43 74
43 82
43 84
43 85
43 86
43 90
43 93
43 96
43 97
43 100
43 108
43 114
43 115
43 116
43 118
43 126
43 131
43 132
43 135
43 139
43 141
43 145
43 152
43 153
43 155
43 158
43 161
43 165
43 170
43 171
43 172
43 173
43 175
43 178
43 179
43 183
43 184
43 185
43 186
43 195
43 196
43 197
43 198
44 51
44 55
44 59
44 61
44 63
44 66
44 67
44 68
44 70
44 74
44 85
44 86
44 94
44 95
44 98
44 100
44 103
44 104
44 105
44 107
44 108
44 109
44 110
44 111
44 112
44 113
44 117
44 119
44 120
44 122
44 123
44 124
44 127
44 128
44 130
44 132
44 135
44 136
44 137
44 140
44 141
44 145
44 154
44 158
44 160
44 161
44 163
44 166
44 170
44 176
44 177
44 179
44 180
44 188
44 190
44 191
44 194
44 195
45 50
45 53
45 55
45 56
45 60
45 61
45 62
45 63
45 66
45 72
45 73
45 78
45 81
45 83
45 84
45 85
45 89
45 90
45 98
45 102
45 104
45 106
45 108
45 117
45 122
45 123
45 127
45 131
45 135
45 136
45 137
45 142
45 143
45 145
45 146
45 151
45 154
45 162
45 177
45 179
45 183
45 189
45 191
45 196
45 198
45 199
46 47
46 48
46 52
46 56
46 61
46 67
46 71
46 72
46 77
46 78
46 80
46 87
46 89
46 91
46 93
46 95
46 97
46 98
46 99
46 101
46 110
46 115
46 120
46 125
46 126
46 127
46 128
46 129
46 133
46 135
46 136
46 139
46 143
46 145
46 147
46 156
46 157
46 159
46 166
46 171
46 173
46 175
46 176
46 179
46 185
46 186
46 187
46 188
46 189
46 197
46 198
47 48
47 50
47 54
47 62
47 64
47 65
47 66
47 70
47 75
47 77
47 79
47 80
47 87
47 88
47 89
47 91
47 92
47 94
47 97
47 100
47 101
47 106
47 107
47 108
47 113
47 120
47 124
47 127
47 133
47 138
47 145
47 146
47 149
47 150
47 153
47 156
47 160
47 162
47 163
47 166
47 170
47 175
47 176
47 181
47 182
47 183
47 189
47 191
47 193
47 198
48 49
48 50
48 51
48 52
48 53
48 54
48 57
48 58
48 62
48 70
48 75
48 78
48 84
48 94
48 98
48 103
48 107
48 108
48 109
48 111
48 113
48 117
48 118
48 119
48 123
48 126
48 134
48 138
48 140
48 143
48 145
48 148
48 150
48 152
48 153
48 155
48 159
48 161
48 163
48 171
48 175
48 180
48 182
48 188
48 191
49 50
49 51
49 53
49 55
49 58
49 59
49 61
49 64
49 67
49 68
49 69
49 71
49 74
49 76
49 80
49 82
49 83
49 86
49 90
49 93
49 98
49 100
49 101
49 102
49 103
49 105
49 110
49 112
49 113
49 117
49 118
49 119
49 122
49 125
49 128
49 131
49 132
49 134
49 137
49 138
49 148
49 153
49 155
49 160
49 161
49 162
49 166
49 167
49 172
49 177
49 179
49 183
49 189
49 192
49 198
49 199
50 52
50 55
50 57
50 63
50 66
50 72
50 78
50 81
50 85
50 87
50 98
50 100
50 103
50 105
50 109
50 110
50 113
50 115
50 116
50 118
50 119
50 122
50 123
50 124
50 125
50 126
50 128
50 133
50 134
50 142
50 146
50 148
50 150
50 151
50 152
50 154
50 177
50 178
50 184
50 187
50 188
50 193
50 194
50 198
51 53
51 56
51 57
51 60
51 62
51 65
51 70
51 73
51 74
51 78
51 79
51 80
51 83
51 84
51 85
51 86
51 92
51 96
51 97
51 98
51 99
51 107
51 108
51 111
51 113
51 120
51 122
51 124
51 126
51 127
51 129
51 131
51 133
51 135
51 138
51 140
51 143
51 144
51 145
51 147
51 149
51 150
51 157
51 163
51 168
51 172
51 178
51 183
51 184
51 185
51 191
51 195
51 199
52 53
52 54
52 56
52 58
52 59
52 64
52 65
52 66
52 72
52 75
52 78
52 85
52 87
52 88
52 92
52 93
52 101
52 106
52 107
52 110
52 115
52 117
52 123
52 124
52 125
52 126
52 128
52 129
52 134
52 135
52 138
52 139
52 140
52 141
52 142
52 143
52 144
52 145
52 150
52 152
52 153
52 155
52 157
52 158
52 163
52 166
52 168
52 169
52 171
52 172
52 174
52 175
52 179
52 180
52 183
52 184
52 185
52 193
52 197
52 198
52 199
53 56
53 57
53 58
53 59
53 60
53 66
53 67
53 68
53 70
53 71
53 73
53 75
53 76
53 80
53 81
53 82
53 84
53 88
53 89
53 94
53 97
53 98
53 99
53 101
53 102
53 104
53 108
53 113
53 121
53 123
53 127
53 129
53 130
53 132
53 136
53 138
53 139
53 145
53 147
53 158
53 159
53 160
53 165
53 166
53 167
53 169
53 172
53 176
53 182
53 187
53 189
53 197
53 198
54 58
54 60
54 64
54 65
54 67
54 71
54 78
54 82
54 85
54 91
54 94
54 96
54 97
54 98
54 99
54 100
54 102
54 104
54 115
54 121
54 123
54 125
54 126
54 128
54 130
54 132
54 133
54 134
54 135
54 136
54 145
54 146
54 151
54 152
54 155
54 157
54 158
54 160
54 161
54 162
54 165
54 172
54 174
54 178
54 182
54 185
54 187
54 191
54 194
54 195
55 58
55 59
55 64
55 66
55 67
55 69
55 71
55 72
55 73
55 75
55 76
55 83
55 89
55 96
55 101
55 102
55 104
55 105
55 112
55 116
55 121
55 122
55 125
55 126
55 128
55 134
55 136
55 137
55 138
55 142
55 145
55 154
55 156
55 157
55 159
55 163
55 164
55 166
55 167
55 169
55 171
55 172
55 173
55 175
55 177
55 178
55 179
55 181
55 182
55 183
55 185
55 187
55 190
55 191
55 195
55 198
55 199
56 58
56 60
56 61
56 62
56 69
56 71
56 82
56 84
56 85
56 86
56 87
56 88
56 94
56 96
56 98
56 100
56 105
56 106
56 111
56 112
56 114
56 120
56 122
56 124
56 127
56 128
56 132
56 133
56 138
56 143
56 148
56 149
56 150
56 151
56 153
56 158
56 159
56 173
56 174
56 178
56 192
56 196
56 198
56 199
57 61
57 62
57 63
57 65
57 66
57 67
57 68
57 69
57 70
57 71
57 76
57 77
57 82
57 84
57 88
57 93
57 96
57 97
57 98
57 100
57 104
57 105
57 106
57 108
57 113
57 118
57 119
57 122
57 125
57 130
57 131
57 132
57 137
57 144
57 145
57 148
57 157
57 160
57 161
57 165
57 166
57 171
57 174
57 181
57 190
57 196
58 60
58 63
58 64
58 66
58 68
58 73
58 74
58 75
58 76
58 78
58 79
58 80
58 82
58 83
58 86
58 87
58 91
58 95
58 96
58 97
58 99
58 101
58 104
58 105
58 107
58 108
58 109
58 115
58 123
58 124
58 125
58 126
58 128
58 133
58 136
58 140
58 141
58 142
58 143
58 144
58 148
58 150
58 158
58 159
58 164
58 169
58 170
58 171
58 176
58 181
58 183
58 188
58 189
58 190
58 191
58 192
58 195
58 196
59 68
59 74
59 76
59 86
59 87
59 88
59 89
59 92
59 93
59 99
59 100
59 103
59 112
59 119
59 122
59 125
59 127
59 128
59 131
59 132
59 140
59 142
59 144
59 145
59 152
59 154
59 156
59 162
59 163
59 164
59 165
59 167
59 170
59 172
59 174
59 178
59 183
59 187
59 190
59 194
59 196
60 64
60 68
60 70
60 74
60 76
60 79
60 83
60 87
60 90
60 91
60 94
60 97
60 99
60 100
60 101
60 107
60 109
60 111
60 116
60 119
60 129
60 141
60 143
60 148
60 149
60 152
60 155
60 156
60 158
60 161
60 162
60 165
60 171
60 174
60 177
60 179
60 182
60 183
60 187
60 194
60 197
61 63
61 73
61 74
61 78
61 79
61 82
61 87
61 96
61 98
61 99
61 102
61 104
61 106
61 110
61 111
61 112
61 115
61 117
61 118
61 119
61 120
61 125
61 126
61 128
61 130
61 131
61 137
61 140
61 142
61 143
61 146
61 155
61 156
61 167
61 169
61 173
61 184
61 185
61 186
61 188
61 198
62 67
62 70
62 78
62 82
62 84
62 85
62 87
62 89
62 95
62 96
62 100
62 102
62 103
62 104
62 105
62 109
62 112
62 116
62 118
62 119
62 120
62 121
62 124
62 127
62 130
62 131
62 132
62 146
62 152
62 163
62 164
62 167
62 172
62 175
62 177
62 178
62 185
62 186
62 192
62 194
62 195
62 196
63 64
63 65
63 68
63 70
63 72
63 74
63 76
63 79
63 81
63 83
63 86
63 93
63 95
63 99
63 100
63 101
63 102
63 103
63 108
63 110
63 111
63 113
63 116
63 117
63 118
63 119
63 120
63 121
63 122
63 123
63 127
63 129
63 130
63 133
63 134
63 135
63 138
63 143
63 144
63 149
63 150
63 153
63 155
63 159
63 161
63 164
63 170
63 171
63 172
63 173
63 174
63 176
63 179
63 180
63 182
63 183
63 187
63 189
63 191
63 196
63 199
64 65
64 68
64 70
64 71
64 74
64 78
64 79
64 82
64 83
64 88
64 93
64 94
64 101
64 103
64 104
64 105
64 107
64 108
64 109
64 110
64 118
64 119
64 122
64 123
64 124
64 125
64 128
64 129
64 133
64 137
64 139
64 142
64 144
64 147
64 149
64 154
64 156
64 160
64 161
64 162
64 172
64 176
64 177
64 180
64 181
64 182
64 184
64 187
64 190
64 192
64 193
64 199
65 67
65 69
65 76
65 78
65 84
65 87
65 91
65 93
65 103
65 105
65 107
65 111
65 112
65 114
65 116
65 119
65 121
65 125
65 134
65 137
65 147
65 148
65 149
65 152
65 153
65 155
65 159
65 160
65 162
65 163
65 165
65 172
65 173
65 179
65 183
65 189
65 199
66 67
66 68
66 71
66 74
66 78
66 82
66 84
66 85
66 89
66 90
66 91
66 97
66 98
66 102
66 105
66 109
66 110
66 114
66 117
66 120
66 122
66 131
66 132
66 136
66 139
66 142
66 154
66 158
66 161
66 162
66 164
66 166
66 169
66 172
66 176
66 178
66 179
66 183
66 186
66 187
66 188
66 192
66 196
66 197
66 199
67 72
67 74
67 79
67 86
67 91
67 99
67 109
67 110
67 113
67 114
67 117
67 119
67 124
67 127
67 129
67 131
67 136
67 138
67 141
67 142
67 143
67 152
67 167
67 170
67 183
67 184
67 185
67 187
67 194
67 195
67 198
68 73
68 76
68 78
68 80
68 81
68 84
68 86
68 87
68 89
68 93
68 96
68 100
68 102
68 106
68 109
68 110
68 111
68 114
68 116
68 117
68 126
68 127
68 129
68 132
68 134
68 136
68 138
68 139
68 140
68 142
68 145
68 147
68 148
68 152
68 161
68 165
68 167
68 169
68 170
68 171
68 173
68 175
68 180
68 182
68 184
68 191
68 193
68 195
68 196
69 77
69 78
69 81
69 82
69 85
69 89
69 90
69 94
69 97
69 98
69 103
69 104
69 107
69 111
69 113
69 114
69 115
69 116
69 121
69 125
69 128
69 135
69 137
69 138
69 139
69 141
69 148
69 151
69 162
69 165
69 166
69 169
69 172
69 173
69 175
69 177
69 179
69 182
69 185
69 186
69 187
69 188
69 190
69 194
70 76
70 77
70 82
70 83
70 84
70 85
70 88
70 91
70 97
70 99
70 100
70 106
70 110
70 116
70 117
70 118
70 119
70 120
70 122
70 125
70 128
70 132
70 134
70 137
70 142
70 149
70 150
70 155
70 157
70 162
70 164
70 165
70 166
70 179
70 180
70 187
70 190
70 191
70 196
70 198
71 73
71 75
71 79
71 84
71 86
71 89
71 91
71 92
71 102
71 108
71 109
71 111
71 115
71 116
71 117
71 118
71 120
71 121
71 125
71 132
71 134
71 136
71 137
71 138
71 139
71 142
71 148
71 150
71 151
71 154
71 159
71 163
71 166
71 167
71 173
71 174
71 175
71 182
71 183
71 185
71 186
71 188
71 189
71 190
71 193
71 195
71 197
72 78
72 80
72 85
72 87
72 94
72 96
72 98
72 103
72 106
72 110
72 111
72 114
72 115
72 120
72 127
72 129
72 130
72 136
72 138
72 139
72 141
72 142
72 143
72 147
72 153
72 157
72 160
72 162
72 164
72 166
72 169
72 172
72 173
72 178
72 179
72 180
72 181
72 195
72 196
72 197
72 198
73 74
73 77
73 80
73 85
73 87
73 90
73 91
73 92
73 94
73 95
73 97
73 100
73 106
73 107
73 108
73 115
73 118
73 124
73 127
73 135
73 138
73 139
73 140
73 141
73 144
73 149
73 154
73 155
73 156
73 157
73 160
73 169
73 171
73 172
73 174
73 175
73 176
73 179
73 181
73 182
73 185
73 189
73 192
73 193
73 194
74 85
74 88
74 90
74 94
74 95
74 100
74 106
74 108
74 111
74 112
74 113
74 114
74 118
74 121
74 122
74 123
74 126
74 129
74 130
74 131
74 132
74 134
74 136
74 137
74 143
74 145
74 146
74 149
74 152
74 153
74 154
74 160
74 162
74 164
74 165
74 169
74 171
74 175
74 177
74 178
74 180
74 184
74 186
74 187
74 189
74 190
74 194
74 197
75 78
75 79
75 83
75 91
75 95
75 96
75 97
75 100
75 104
75 106
75 108
75 109
75 111
75 113
75 114
75 117
75 118
75 120
75 123
75 125
75 128
75 130
75 131
75 132
75 139
75 144
75 146
75 150
75 153
75 157
75 158
75 159
75 165
75 167
75 169
75 172
75 173
75 175
75 178
75 179
75 180
75 182
75 187
75 188
75 189
75 190
75 196
75 197
75 199
76 78
76 80
76 81
76 82
76 87
76 90
76 101
76 103
76 106
76 107
76 108
76 109
76 111
76 120
76 121
76 135
76 136
76 137
76 141
76 144
76 148
76 153
76 154
76 155
76 157
76 161
76 163
76 165
76 181
76 183
76 186
76 188
76 189
76 192
76 193
76 196
76 197
77 80
77 85
77 87
77 93
77 94
77 99
77 101
77 102
77 106
77 109
77 117
77 121
77 123
77 128
77 129
77 134
77 139
77 141
77 143
77 144
77 151
77 153
77 157
77 160
77 162
77 163
77 164
77 165
77 169
77 170
77 173
77 184
77 185
77 189
77 191
77 193
77 194
77 196
77 198
78 81
78 83
78 84
78 85
78 86
78 89
78 90
78 92
78 97
78 98
78 101
78 102
78 103
78 105
78 106
78 109
78 110
78 123
78 125
78 127
78 128
78 130
78 133
78 135
78 138
78 140
78 142
78 145
78 149
78 150
78 154
78 159
78 164
78 168
78 173
78 177
78 184
78 185
78 189
78 193
78 195
78 196
78 198
78 199
79 81
79 82
79 84
79 89
79 93
79 94
79 95
79 96
79 99
79 102
79 107
79 108
79 113
79 118
79 119
79 121
79 123
79 128
79 136
79 137
79 138
79 146
79 151
79 154
79 156
79 162
79 163
79 165
79 167
79 169
79 170
79 176
79 178
79 179
79 181
79 182
79 185
79 190
79 191
79 196
80 82
80 89
80 91
80 92
80 93
80 101
80 103
80 104
80 105
80 109
80 111
80 112
80 118
80 121
80 123
80 124
80 130
80 134
80 136
80 138
80 142
80 147
80 151
80 153
80 155
80 159
80 164
80 165
80 167
80 168
80 169
80 170
80 171
80 177
80 180
80 186
80 188
80 194
80 195
80 197
81 83
81 84
81 102
81 107
81 108
81 110
81 125
81 126
81 127
81 129
81 130
81 143
81 145
81 155
81 156
81 160
81 163
81 167
81 168
81 169
81 170
81 176
81 177
81 182
81 185
81 188
81 189
81 191
81 193
81 195
81 198
81 199
82 83
82 92
82 97
82 99
82 103
82 107
82 108
82 112
82 122
82 123
82 130
82 132
82 133
82 135
82 141
82 147
82 156
82 159
82 160
82 165
82 166
82 169
82 170
82 173
82 177
82 181
82 184
82 186
82 188
82 189
82 190
83 84
83 87
83 89
83 93
83 100
83 101
83 105
83 107
83 111
83 113
83 116
83 117
83 121
83 122
83 126
83 127
83 128
83 130
83 139
83 142
83 144
83 145
83 146
83 147
83 149
83 151
83 152
83 155
83 158
83 159
83 162
83 164
83 166
83 167
83 170
83 175
83 177
83 178
83 183
83 185
83 188
83 189
83 193
83 194
84 87
84 95
84 96
84 109
84 111
84 115
84 119
84 123
84 125
84 130
84 131
84 135
84 139
84 140
84 142
84 144
84 145
84 149
84 151
84 155
84 157
84 159
84 160
84 161
84 162
84 169
84 171
84 174
84 183
84 185
84 189
84 190
84 193
84 196
84 199
85 90
85 91
85 92
85 94
85 95
85 96
85 97
85 99
85 101
85 102
85 103
85 109
85 114
85 120
85 123
85 129
85 130
85 131
85 136
85 141
85 142
85 144
85 147
85 148
85 152
85 153
85 155
85 159
85 163
85 170
85 172
85 176
85 180
85 185
85 186
85 195
86 90
86 91
86 92
86 94
86 95
86 97
86 103
86 104
86 106
86 110
86 111
86 114
86 119
86 122
86 127
86 129
86 130
86 132
86 136
86 140
86 142
86 145
86 151
86 156
86 162
86 164
86 172
86 176
86 180
86 183
86 188
86 193
86 195
86 197
87 89
87 91
87 93
87 94
87 96
87 97
87 106
87 109
87 114
87 119
87 123
87 125
87 128
87 129
87 131
87 132
87 141
87 142
87 144
87 146
87 147
87 149
87 152
87 157
87 162
87 171
87 172
87 173
87 177
87 178
87 181
87 182
87 183
87 185
87 186
87 192
87 194
88 89
88 93
88 97
88 102
88 107
88 108
88 110
88 113
88 115
88 117
88 120
88 122
88 123
88 124
88 126
88 128
88 129
88 132
88 133
88 135
88 137
88 138
88 140
88 141
88 143
88 144
88 164
88 165
88 168
88 175
88 181
88 187
88 189
88 191
88 192
88 197
88 199
89 92
89 95
89 100
89 113
89 115
89 118
89 119
89 120
89 121
89 122
89 126
89 137
89 138
89 140
89 142
89 143
89 148
89 156
89 157
89 159
89 160
89 168
89 169
89 170
89 171
89 173
89 175
89 178
89 184
89 185
89 187
89 192
89 195
89 196
89 197
89 198
90 97
90 100
90 102
90 103
90 104
90 106
90 110
90 111
90 113
90 114
90 119
90 121
90 123
90 127
90 130
90 136
90 137
90 140
90 141
90 149
90 152
90 155
90 156
90 160
90 163
90 165
90 168
90 171
90 178
90 179
90 181
90 183
90 185
90 194
90 196
90 197
91 95
91 96
91 98
91 99
91 101
91 102
91 104
91 107
91 108
91 110
91 111
91 114
91 115
91 118
91 123
91 125
91 126
91 128
91 130
91 131
91 133
91 135
91 137
91 138
91 143
91 144
91 145
91 148
91 149
91 151
91 152
91 157
91 158
91 159
91 161
91 162
91 169
91 170
91 171
91 172
91 179
91 181
91 182
91 183
91 185
91 192
91 193
91 194
91 196
91 198
92 98
92 101
92 105
92 107
92 112
92 115
92 116
92 124
92 126
92 128
92 133
92 134
92 135
92 136
92 141
92 144
92 145
92 146
92 147
92 148
92 149
92 154
92 155
92 165
92 170
92 174
92 175
92 178
92 193
92 195
92 199
93 94
93 95
93 97
93 102
93 104
93 107
93 110
93 114
93 119
93 125
93 129
93 133
93 135
93 141
93 142
93 144
93 145
93 146
93 150
93 154
93 155
93 163
93 165
93 169
93 172
93 175
93 179
93 183
93 186
93 189
93 191
93 194
93 196
93 197
94 96
94 97
94 98
94 103
94 105
94 106
94 109
94 113
94 115
94 116
94 121
94 122
94 124
94 127
94 128
94 130
94 132
94 133
94 134
94 140
94 141
94 142
94 145
94 146
94 147
94 153
94 156
94 157
94 158
94 162
94 163
94 169
94 171
94 174
94 176
94 182
94 184
94 187
94 190
94 191
94 195
94 197
94 198
95 97
95 100
95 101
95 106
95 107
95 108
95 111
95 113
95 114
95 115
95 117
95 118
95 121
95 122
95 123
95 125
95 126
95 127
95 129
95 132
95 135
95 136
95 137
95 138
95 154
95 155
95 157
95 160
95 161
95 165
95 167
95 170
95 180
95 186
95 187
95 188
95 189
95 190
95 192
95 193
95 195
95 196
95 197
96 105
96 106
96 110
96 111
96 114
96 115
96 123
96 128
96 132
96 136
96 140
96 144
96 146
96 148
96 159
96 162
96 165
96 170
96 173
96 174
96 178
96 182
96 184
96 187
96 188
96 190
96 192
96 193
96 199
97 98
97 99
97 102
97 104
97 108
97 110
97 116
97 123
97 124
97 126
97 129
97 132
97 133
97 138
97 144
97 148
97 149
97 157
97 161
97 162
97 168
97 169
97 177
97 180
97 181
97 188
97 190
97 193
97 194
97 195
97 196
98 103
98 104
98 105
98 107
98 112
98 115
98 117
98 118
98 120
98 121
98 127
98 129
98 134
98 137
98 139
98 141
98 143
98 144
98 150
98 151
98 155
98 156
98 157
98 158
98 160
98 165
98 166
98 174
98 176
98 177
98 178
98 185
98 192
98 194
99 105
99 107
99 110
99 111
99 112
99 113
99 114
99 115
99 117
99 118
99 119
99 122
99 127
99 129
99 130
99 137
99 140
99 143
99 144
99 150
99 155
99 158
99 162
99 166
99 173
99 174
99 176
99 178
99 182
99 186
99 187
99 192
99 195
100 102
100 104
100 105
100 118
100 119
100 122
100 133
100 134
100 136
100 141
100 153
100 155
100 156
100 159
100 160
100 165
100 169
100 184
100 185
100 186
100 187
100 188
100 191
100 198
101 102
101 105
101 106
101 112
101 123
101 125
101 128
101 136
101 140
101 142
101 144
101 148
101 149
101 152
101 153
101 155
101 156
101 163
101 165
101 167
101 171
101 176
101 177
101 178
101 182
101 184
101 186
101 187
101 189
101 190
101 191
101 193
101 195
101 197
102 105
102 107
102 110
102 113
102 114
102 115
102 116
102 117
102 118
102 123
102 125
102 126
102 130
102 131
102 134
102 140
102 144
102 145
102 146
102 149
102 153
102 154
102 161
102 163
102 167
102 170
102 176
102 181
102 183
102 184
102 185
102 187
102 194
102 195
102 197
103 105
103 106
103 108
103 111
103 114
103 116
103 117
103 118
103 119
103 122
103 131
103 132
103 133
103 134
103 137
103 143
103 146
103 147
103 153
103 154
103 162
103 164
103 167
103 169
103 182
103 184
103 186
103 190
103 191
103 194
103 195
103 198
103 199
104 105
104 107
104 108
104 111
104 112
104 117
104 123
104 125
104 130
104 132
104 135
104 139
104 140
104 142
104 143
104 148
104 149
104 150
104 152
104 153
104 154
104 162
104 168
104 169
104 170
104 174
104 177
104 180
104 183
104 185
104 188
104 189
104 190
104 192
104 194
104 195
104 198
104 199
105 108
105 112
105 113
105 114
105 115
105 118
105 120
105 123
105 126
105 130
105 134
105 141
105 144
105 146
105 148
105 149
105 150
105 155
105 157
105 158
105 163
105 164
105 167
105 171
105 172
105 178
105 180
105 181
105 184
105 186
105 188
105 191
105 192
105 196
105 197
105 198
106 108
106 111
106 118
106 120
106 134
106 135
106 136
106 137
106 138
106 146
106 147
106 148
106 149
106 152
106 153
106 155
106 163
106 164
106 165
106 168
106 170
106 172
106 176
106 182
106 186
106 189
106 194
106 195
106 197
107 109
107 111
107 113
107 114
107 115
107 120
107 122
107 125
107 126
107 131
107 137
107 147
107 149
107 155
107 161
107 164
107 170
107 183
107 184
107 192
107 194
107 199
108 109
108 118
108 120
108 126
108 129
108 132
108 134
108 135
108 136
108 137
108 138
108 145
108 149
108 157
108 158
108 166
108 167
108 168
108 169
108 176
108 177
108 179
108 181
108 183
108 184
108 192
108 196
108 199
109 112
109 115
109 117
109 122
109 127
109 128
109 130
109 131
109 133
109 134
109 138
109 140
109 141
109 142
109 143
109 147
109 148
109 149
109 150
109 151
109 157
109 158
109 166
109 167
109 168
109 169
109 172
109 175
109 180
109 183
109 186
109 188
109 189
109 197
110 116
110 117
110 120
110 122
110 125
110 127
110 131
110 138
110 142
110 144
110 149
110 152
110 155
110 156
110 160
110 163
110 165
110 172
110 178
110 179
110 181
110 188
110 191
110 192
110 193
110 195
110 199
111 112
111 113
111 117
111 120
111 121
111 122
111 129
111 134
111 136
111 138
111 139
111 142
111 143
111 148
111 153
111 155
111 157
111 164
111 165
111 167
111 168
111 170
111 172
111 178
111 180
111 183
111 186
111 187
111 189
111 192
111 194
111 195
111 197
111 198
111 199
112 113
112 116
112 118
112 122
112 135
112 140
112 142
112 153
112 154
112 159
112 164
112 166
112 167
112 173
112 175
112 177
112 184
112 185
112 187
112 190
112 191
113 114
113 117
113 118
113 119
113 122
113 123
113 125
113 127
113 129
113 138
113 145
113 146
113 149
113 152
113 155
113 156
113 158
113 166
113 167
113 168
113 170
113 174
113 176
113 181
113 183
113 184
113 185
113 187
113 189
113 190
113 192
113 197
114 115
114 116
114 119
114 120
114 121
114 122
114 125
114 126
114 127
114 128
114 129
114 134
114 137
114 140
114 144
114 151
114 156
114 160
114 162
114 163
114 167
114 169
114 172
114 174
114 175
114 177
114 178
114 182
114 186
114 192
114 196
114 199
115 116
115 117
115 118
115 119
115 123
115 125
115 128
115 133
115 137
115 138
115 142
115 149
115 155
115 156
115 160
115 166
115 167
115 169
115 173
115 183
115 186
115 191
115 192
115 196
115 197
116 119
116 120
116 121
116 123
116 125
116 126
116 128
116 131
116 144
116 145
116 148
116 149
116 151
116 153
116 159
116 161
116 162
116 165
116 167
116 168
116 170
116 176
116 179
116 181
116 182
116 188
116 192
116 195
116 196
117 118
117 123
117 125
117 126
117 127
117 128
117 137
117 138
117 139
117 142
117 145
117 146
117 155
117 160
117 161
117 165
117 166
117 168
117 169
117 170
117 179
117 186
117 188
117 190
117 191
117 192
117 196
117 198
117 199
118 120
118 121
118 123
118 126
118 131
118 134
118 143
118 145
118 146
118 147
118 148
118 149
118 151
118 153
118 155
118 159
118 161
118 164
118 166
118 168
118 170
118 177
118 179
118 180
118 182
118 185
118 186
118 191
118 193
118 194
118 197
118 198
119 120
119 121
119 126
119 128
119 130
119 132
119 135
119 137
119 138
119 143
119 144
119 145
119 148
119 149
119 152
119 154
119 156
119 157
119 158
119 159
119 162
119 163
119 165
119 166
119 173
119 178
119 181
119 182
119 183
119 186
119 195
119 197
120 122
120 124
120 130
120 131
120 133
120 134
120 137
120 138
120 140
120 147
120 150
120 151
120 153
120 168
120 174
120 179
120 182
120 185
120 188
120 197
121 125
121 126
121 128
121 130
121 131
121 135
121 136
121 144
121 157
121 161
121 167
121 168
121 171
121 177
121 186
121 189
121 190
121 195
122 123
122 127
122 128
122 129
122 132
122 134
122 137
122 138
122 144
122 147
122 149
122 151
122 153
122 154
122 157
122 160
122 163
122 171
122 177
122 180
122 183
122 184
122 186
122 187
122 188
122 194
122 199
123 125
123 126
123 127
123 130
123 135
123 138
123 139
123 141
123 153
123 154
123 157
123 159
123 161
123 163
123 165
123 168
123 170
123 175
123 180
123 182
123 186
123 188
123 190
123 192
123 193
123 198
124 125
124 127
124 128
124 129
124 130
124 131
124 132
124 133
124 138
124 141
124 142
124 149
124 152
124 153
124 156
124 158
124 160
124 161
124 162
124 163
124 167
124 169
124 170
124 171
124 174
124 175
124 177
124 180
124 184
124 185
124 191
124 193
124 198
125 126
125 130
125 132
125 133
125 140
125 141
125 142
125 148
125 149
125 150
125 151
125 152
125 153
125 155
125 159
125 160
125 164
125 165
125 171
125 173
125 178
125 183
125 185
125 190
125 191
125 192
125 194
125 198
125 199
126 127
126 136
126 137
126 145
126 146
126 149
126 152
126 159
126 163
126 165
126 166
126 168
126 174
126 175
126 178
126 179
126 183
126 190
126 194
126 198
126 199
127 130
127 132
127 133
127 149
127 153
127 155
127 161
127 164
127 166
127 169
127 171
127 172
127 174
127 175
127 177
127 180
127 186
127 189
127 197
128 131
128 132
128 133
128 134
128 140
128 147
128 148
128 149
128 150
128 151
128 154
128 157
128 158
128 162
128 164
128 167
128 168
128 171
128 173
128 175
128 178
128 185
128 187
128 191
128 193
128 194
128 197
128 198
129 130
129 132
129 133
129 135
129 140
129 147
129 151
129 155
129 158
129 163
129 169
129 174
129 175
129 178
129 180
129 181
129 183
129 185
129 188
129 190
129 195
129 197
129 199
130 132
130 134
130 135
130 137
130 138
130 139
130 140
130 146
130 150
130 152
130 154
130 155
130 157
130 167
130 168
130 172
130 173
130 176
130 178
130 179
130 180
130 181
130 187
130 191
130 192
130 195
130 197
131 134
131 135
131 139
131 143
131 144
131 145
131 146
131 151
131 152
131 155
131 157
131 158
131 162
131 164
131 168
131 170
131 172
131 174
131 177
131 178
131 181
131 184
131 186
131 189
131 191
131 192
131 198
132 133
132 134
132 144
132 145
132 146
132 148
132 154
132 155
132 157
132 160
132 163
132 164
132 165
132 169
132 182
132 183
132 186
132 188
132 190
132 191
132 193
132 194
132 198
133 134
133 135
133 136
133 137
133 140
133 141
133 143
133 146
133 150
133 151
133 158
133 164
133 166
133 170
133 172
133 173
133 175
133 183
133 185
133 188
133 189
133 190
133 191
133 193
133 194
133 197
133 198
134 136
134 142
134 143
134 145
134 146
134 148
134 149
134 153
134 154
134 158
134 159
134 161
134 162
134 165
134 166
134 170
134 173
134 176
134 177
134 178
134 180
134 186
134 199
135 137
135 140
135 143
135 144
135 146
135 149
135 151
135 153
135 154
135 155
135 158
135 159
135 163
135 165
135 171
135 172
135 174
135 180
135 184
135 188
135 190
135 192
135 193
135 194
135 196
135 198
136 143
136 150
136 152
136 154
136 156
136 160
136 163
136 166
136 170
136 173
136 174
136 177
136 179
136 184
136 185
136 186
136 187
136 188
136 193
136 194
136 198
137 142
137 145
137 149
137 150
137 159
137 164
137 166
137 167
137 174
137 175
137 176
137 178
137 179
137 180
137 184
137 186
137 189
137 191
137 194
137 196
138 142
138 143
138 147
138 159
138 168
138 173
138 174
138 180
138 184
138 186
138 187
138 190
138 191
138 192
138 193
138 194
138 196
138 197
139 143
139 144
139 145
139 146
139 149
139 154
139 155
139 158
139 160
139 161
139 163
139 164
139 166
139 170
139 171
139 172
139 177
139 188
139 189
139 191
139 192
139 199
140 146
140 148
140 151
140 155
140 156
140 157
140 158
140 159
140 161
140 164
140 167
140 168
140 169
140 173
140 178
140 183
140 185
140 189
141 143
141 145
141 146
141 147
141 154
141 156
141 164
141 169
141 172
141 175
141 177
141 178
141 179
141 181
141 184
141 185
141 187
141 188
141 189
141 191
141 195
141 196
141 197
141 199
142 143
142 145
142 146
142 147
142 148
142 152
142 154
142 157
142 162
142 168
142 170
142 172
142 173
142 176
142 178
142 181
142 182
142 183
142 186
142 188
142 191
142 192
142 194
142 198
143 144
143 145
143 146
143 148
143 150
143 151
143 155
143 158
143 159
143 161
143 165
143 169
143 170
143 177
143 179
143 180
143 185
143 187
143 189
143 194
143 196
143 199
144 145
144 146
144 148
144 149
144 150
144 153
144 154
144 155
144 158
144 159
144 160
144 161
144 168
144 169
144 170
144 172
144 177
144 185
144 196
145 146
145 147
145 151
145 152
145 153
145 161
145 162
145 171
145 172
145 174
145 184
145 186
145 189
145 190
145 192
145 195
145 196
146 147
146 148
146 149
146 154
146 163
146 166
146 167
146 168
146 172
146 173
146 175
146 178
146 179
146 180
146 183
146 189
146 191
146 192
146 193
147 152
147 156
147 157
147 159
147 167
147 169
147 170
147 174
147 175
147 178
147 179
147 181
147 182
147 183
147 187
147 188
147 189
147 191
147 194
147 195
148 149
148 150
148 151
148 153
148 154
148 158
148 165
148 169
148 173
148 174
148 176
148 180
148 185
148 188
148 190
148 193
148 194
148 195
148 196
149 151
149 158
149 159
149 162
149 163
149 166
149 168
149 169
149 171
149 173
149 176
149 177
149 181
149 184
149 186
149 189
149 190
149 191
149 193
150 151
150 152
150 156
150 160
150 161
150 162
150 163
150 165
150 171
150 177
150 179
150 182
150 184
150 187
150 188
150 191
150 194
151 154
151 155
151 159
151 162
151 164
151 171
151 173
151 174
151 175
151 177
151 178
151 186
151 188
151 189
151 197
151 199
152 155
152 167
152 173
152 177
152 178
152 179
152 184
152 186
152 189
152 190
152 193
152 195
152 198
152 199
153 156
153 161
153 163
153 170
153 171
153 177
153 182
153 183
153 187
153 189
153 193
153 198
154 156
154 165
154 167
154 171
154 173
154 180
154 186
154 189
154 190
154 192
154 193
154 194
154 195
154 198
154 199
155 161
155 162
155 163
155 169
155 173
155 175
155 182
155 185
155 186
155 187
155 196
155 198
155 199
156 160
156 161
156 162
156 165
156 167
156 173
156 174
156 175
156 182
156 183
156 186
156 187
156 188
156 189
156 198
157 161
157 163
157 168
157 172
157 173
157 174
157 175
157 176
157 177
157 184
157 187
157 192
157 194
157 196
157 197
157 199
158 161
158 162
158 163
158 165
158 166
158 167
158 170
158 172
158 174
158 178
158 179
158 186
158 188
158 192
159 161
159 165
159 168
159 173
159 174
159 181
159 182
159 184
159 187
159 189
159 190
159 192
159 197
159 199
160 163
160 165
160 168
160 175
160 177
160 179
160 181
160 182
160 183
160 186
160 188
160 191
160 192
160 193
160 194
161 162
161 167
161 173
161 174
161 179
161 181
161 183
161 184
161 187
161 188
161 192
161 193
161 197
161 199
162 166
162 168
162 171
162 174
162 177
162 179
162 180
162 181
162 186
162 187
162 193
163 168
163 169
163 171
163 172
163 174
163 175
163 177
163 178
163 188
163 191
163 193
163 195
163 197
163 198
163 199
164 170
164 174
164 176
164 180
164 190
164 194
164 196
164 197
164 198
165 168
165 173
165 185
165 186
165 187
165 189
165 193
165 194
165 197
165 199
166 167
166 172
166 175
166 177
166 178
166 179
166 182
166 184
166 185
166 188
166 189
166 195
166 197
167 170
167 172
167 173
167 175
167 178
167 180
167 181
167 182
167 183
167 193
167 196
167 198
168 169
168 172
168 173
168 177
168 178
168 184
168 194
168 195
169 173
169 175
169 176
169 180
169 185
169 187
169 190
169 194
169 199
170 171
170 175
170 178
170 182
170 184
170 185
170 194
170 196
171 174
171 175
171 177
171 182
171 186
171 187
171 191
171 199
172 173
172 181
172 188
172 192
172 195
172 198
173 174
173 176
173 185
173 189
173 190
173 192
173 193
173 199
174 177
174 178
174 179
174 181
174 186
174 187
174 188
174 189
174 190
174 192
174 199
175 179
175 180
175 185
175 198
176 182
176 188
176 193
176 194
176 196
177 180
177 183
177 185
177 186
177 190
177 192
177 195
177 196
178 182
178 189
178 194
178 198
179 185
179 194
179 196
179 197
179 199
180 181
180 184
180 187
180 192
180 195
180 197
180 198
181 184
181 186
181 191
181 193
181 194
181 197
181 199
182 189
182 192
182 194
182 195
182 196
183 188
183 189
183 190
183 191
183 192
183 193
184 188
184 190
184 193
184 196
185 187
185 190
185 191
185 192
185 194
186 190
186 191
186 192
186 193
186 195
186 196
186 197
188 189
188 195
189 190
189 196
191 192
191 193
191 196
192 193
193 195
193 196
194 195
194 197
194 198
195 196
196 197
196 198
196 199
